[1,["43vC/Knm5P8p7iybqZrYTh@180d7","43vC/Knm5P8p7iybqZrYTh@30732","43vC/Knm5P8p7iybqZrYTh@290ee","43vC/Knm5P8p7iybqZrYTh@f1394"],["_parent","node","_mesh","_skeleton","root","data"],[["cc.Node",["_name","_prefab","_parent","_children","_lpos","_lrot","_euler","_components"],2,4,1,2,5,5,5,9],["cc.Node",["_name","_parent","_children","_prefab","_lpos","_lrot","_euler"],2,1,9,4,5,5,5],["cc.Prefab",["_name"],2],["cc.Node",["_name","_children","_prefab","_lpos","_lrot","_euler"],2,12,4,5,5,5],["cc.SkeletalAnimation",["node","__prefab"],3,1,4],["cc.CompPrefabInfo",["fileId"],2],["cc.PrefabInfo",["fileId","instance","targetOverrides","nestedPrefabInstanceRoots","root","asset"],-1,1,1],["cc.SkinnedMeshRenderer",["_shadowCastingMode","_materials","node","__prefab","bakeSettings","_skinningRoot","_mesh","_skeleton"],1,1,4,4,1,6,6],["cc.ModelBakeSettings",["_castShadow","_receiveShadow"],1],["cc.Mesh",["_native","_hash","_struct"],1,11],["cc.Skeleton",["_name","_hash","_joints","_bindposes"],0,12]],[[6,0,1,2,3,4,5,5],[0,0,2,3,1,4,5,6,2],[0,0,2,1,4,2],[1,0,1,2,3,4,5,6,2],[0,0,2,3,1,4,2],[0,0,2,1,4,5,6,2],[3,0,1,2,3,4,5,2],[5,0,2],[0,0,2,1,5,6,2],[0,0,2,7,1,2],[1,0,1,2,3,4,2],[7,0,1,2,3,4,5,6,7,3],[8,0,1,3],[9,0,1,2,3],[10,0,1,2,3,4],[2,0,2],[0,0,3,7,1,2],[0,0,2,3,1,2],[0,0,3,1,4,5,6,2],[4,0,1,1]],[[[[15,"Bear"],[16,"Bear",[-3,-4],[[19,-2,[7,"a56m7eKjBdJbyqTMyCgE1i"]]],[0,"9e+0VPM3RQdYTQijsQ4c4Z",null,null,null,-1,0]],[6,"Wrist_R",[[-5,-6,-7,-8,[5,"WeaponR_locator",-9,[0,"efWgz77nBdo5zzC0cPJOCG",null,null,null,1,0],[1,-0.007999931462109089,0.00003293603003839962,3.964046513260655e-8],[3,0.0014577744355978705,0.7071456938361533,0.7070648699375044,0.0014533695126324052],[1,-89.9934516563789,-179.9996565548088,0.23588572217678955]]],1,1,1,1,4],[0,"bcm/pfNdFXeq1I+LiHxYhM",null,null,null,1,0],[1,0.06497275084257126,-2.5535130029599743e-17,-2.415845326995329e-15],[3,0.000004195062555160379,-0.000001910611014600491,-0.008299176686724984,0.9999655612295223],[1,0.00047895115897933396,-0.0002149723979439785,-0.9510265134901952]],[6,"Wrist_L",[[-10,-11,-12,-13,[5,"WeaponL_locator",-14,[0,"a4+VUHweJVlIWcfIfm1KCM",null,null,null,1,0],[1,0.007999931462109089,-0.00003293603003839962,-3.964046513260655e-8],[3,-0.0014533695126324052,-0.7070648699375044,0.7071456938361533,0.0014577744355978705],[1,90.0065483436211,-179.9996565548088,0.23588572217678955]]],1,1,1,1,4],[0,"bduWraILxS+LRIQ/uqowNS",null,null,null,1,0],[1,-0.06497275084257126,-7.216449395365721e-17,2.1671553948902824e-15],[3,0.000004195063009907735,-0.000001910611014600491,-0.008299176686724984,0.9999655612295223],[1,0.00047895121109492705,-0.00021497239751144709,-0.9510265134901954]],[1,"Root_M",1,[-15,-16,-17,-18],[0,"1baUGsTvVfBpqitgOm4sXx",null,null,null,1,0],[1,-1.884683876407158e-18,0.09828510135412216,-0.0017717208247631788],[3,0.5359626471428789,0.46124184639687443,0.5359626471428789,0.46124184639687443],[1,180,-90,81.4296392952429]],[6,"Chest_M",[[-19,-20,-21,[8,"Accessories_locator",-22,[0,"6eQFhLl6pY85ZXWT9yvWmh",null,null,null,1,0],[3,0.5143648285825436,0.4852100814258196,0.5143648285825436,-0.4852100814258196],[1,-93.34136140288516,-90,0]]],1,1,1,4],[0,"6bOywtDWJcgrBQpdh3h3Cr",null,null,null,1,0],[1,0.0395100973546505,2.1094237203180178e-17,-6.057239725704827e-18],[3,5.683633979537779e-33,-1.680369479864268e-18,0.02744251744394275,0.9996233831980618],[1,5.292196756441867e-18,-1.927739915636369e-16,3.145075696868571]],[17,"Mesh",1,[-23,-24],[0,"10QTQBPAhYnaWipzWZ7ZTJ",null,null,null,1,0]],[1,"Cup_R",2,[-25,-26],[0,"d0XTC5o/RbmaRc0ROBt0cj",null,null,null,1,0],[1,0.002032302087172866,-0.0010161048267036676,-0.000011398720744182356],[3,-0.0001632717450488216,0.01520813147853818,-0.01073395822421763,0.999826719096919],[1,-5.976587064131431e-10,1.7428911212389269,-1.2301869221075212]],[6,"Head_M",[[-27,[8,"Head_Accessories_locator",-28,[0,"41O1fglllYkJPF3uOfR9sA",null,null,null,1,0],[3,-0.5,-0.5,-0.5,0.5],[1,-90,-90,0]]],1,4],[0,"59P6slo2VcqpbRoTZCbG1S",null,null,null,1,0],[1,0.012421360239386559,1.9984015237346206e-17,-1.0783155416562708e-17],[3,-1.8410496621006706e-32,3.488555163290581e-18,-0.0569724279412051,0.9983757521366814],[1,2.2924055831108248e-17,4.0171750282482305e-16,-6.5320963035436534]],[18,"Ear_root",[-29,-30],[0,"73+I/8TSFbA4vxf4J/pjui",null,null,null,1,0],[1,-0.0002208924706792459,-0.009092315100133419,3.3181713674365284e-16],[3,-0.5,-0.5,-0.5,0.5],[1,-90,-90,0]],[1,"Cup_L",3,[-31,-32],[0,"67gOGQi31bVbf1hpdBbNA6",null,null,null,1,0],[1,-0.002032302087172866,0.0010161048267036676,0.000011398720744182356],[3,-0.0001632717450488216,0.01520813147853818,-0.01073395822421763,0.999826719096919],[1,-5.976587064131431e-10,1.7428911212389269,-1.2301869221075212]],[9,"Face01",6,[[11,1,[null],-33,[7,"b8BP1mCv1dxIF51lczs6+z"],[12,true,true],1,0,1]],[0,"cfW79GhGhYd5gzQhSEdIaL",null,null,null,1,0]],[9,"Bear",6,[[11,1,[null],-34,[7,"5dNs6MV+lRwLHRf/IfzHC3"],[12,true,true],1,2,3]],[0,"72CA7+fOBXkrU8KazLClrR",null,null,null,1,0]],[1,"Hip_R",4,[-35],[0,"64JkCDkzdWLbMHHataIN/d",null,null,null,1,0],[1,-0.0021486333571374416,-0.00021750257292296737,-0.05283629521727562],[3,0.1196069452841893,0.9926860014128609,-0.006822034907440289,0.014904397956718154],[1,1.0091755202628963,178.1581712790397,13.724934065358944]],[1,"Knee_R",13,[-36],[0,"29nrdsunJbt55raKjOv2iV",null,null,null,1,0],[1,0.049741245806217194,6.772360609032133e-17,2.4868995857482625e-16],[3,-5.74480447478872e-17,1.5818422478872635e-16,-0.0821994996999933,0.9966158950413498],[1,-5.140250541558338e-15,1.7764166713698834e-14,-9.430008603220696]],[1,"Ankle_R",14,[-37],[0,"daivQr5f1ZTYx/e1aOEwzf",null,null,null,1,0],[1,0.03830179572105408,-1.8332557747062457e-16,1.0658140798173486e-16],[3,-0.012982776329060915,0.014627548798975347,0.03724838776216851,0.9991146280302587],[1,-1.5532892689824547,1.7351530372333308,4.246697310812593]],[3,"Toes_R",15,[[2,"ToesEnd_R",-38,[0,"68DKrnMj5ZpYNtKGY4xy+T",null,null,null,1,0],[1,0.006269009783864021,-2.8349544764396783e-15,1.6203482999799235e-8]]],[0,"7drz9bNohZsrvbU0Ew+9O9",null,null,null,1,0],[1,0.00666117062792182,0.013424175791442394,-1.8722801019516004e-14],[3,0.004559328299430877,-0.003982278040064826,0.6578248122295485,0.7531466460140608],[1,5.143921211794904,-5.097056277154171,82.23933916251363]],[1,"Spine1_M",4,[5],[0,"22U9CwfIxVRbyQW2GRR59R",null,null,null,1,0],[1,0.05170457065105438,4.440891999238953e-18,1.4505087669969558e-18],[3,2.773519251508283e-32,4.4707321054225565e-18,-0.07301259751882502,0.9973310185708424],[1,3.7808046885653935e-17,5.164470131461643e-16,-8.374078791611733]],[1,"Scapula_R",5,[-39],[0,"30BLs4UMZQkLhlapymGjUO",null,null,null,1,0],[1,0.007310548797249794,0.0018670100253075361,-0.04527267441153526],[3,0.020564576269661627,0.7068679215431157,-0.020753360940338823,0.7067419173261515],[1,3.348407082557939,90.01065248870563,-0.014992107435265944]],[1,"Shoulder_R",18,[-40],[0,"00KlcTidhTj4oukx+51/FB",null,null,null,1,0],[1,0.01261230744421482,6.515898779059113e-15,-3.9079850255047273e-16],[3,5.2586643025768506e-15,-0.00008646290387378688,-0.010618735124961462,0.9999436159046731],[1,-0.000105233298091692,-0.00990959511619997,-1.2168402770214517]],[1,"Elbow_R",19,[2],[0,"838xPV+VJY6pFAfrZsun4m",null,null,null,1,0],[1,0.06365488469600677,-1.53210776868876e-16,2.8421708795129297e-16],[3,-0.000007637966490071012,1.6128234331760258e-7,0.021111166025228795,0.9997771344708233],[1,-0.0008762226258052113,0.00003698791982311648,2.419341159375433]],[1,"MiddleFinger1_R",2,[-41],[0,"82g5gTUJNdaJMjN1Na36uY",null,null,null,1,0],[1,0.00963249709457159,-3.6637361268468044e-17,4.618527613034062e-16],[3,-0.00021659149320446837,0.04166428394232463,-0.009307205726107083,0.999088292621463],[1,0.019642568097428557,4.776147586177523,-1.0666505542608264]],[1,"MiddleFinger2_R",21,[-42],[0,"e8yRCeoRxREqM45I+Fz4Ng",null,null,null,1,0],[1,0.003106409450992942,5.258970884637615e-13,-9.13047442556783e-14],[3,0.0003195129776966138,-0.021989370403543533,-0.000015414027522823937,0.9997581533866682],[1,0.03656579770515416,-2.519998656489879,-0.0025709978664108174]],[3,"MiddleFinger3_R",22,[[2,"MiddleFinger4_R",-43,[0,"9frSB9++5YGq0Q4dOfsk4G",null,null,null,1,0],[1,0.0020934604108333588,4.440891999238953e-18,7.10542746348012e-16]]],[0,"76KpMKEL5U76JJ/w1oF/zI",null,null,null,1,0],[1,0.001712701516225934,6.661337998858429e-18,-4.973799171496525e-16],[3,0.00046585007062023413,-0.032032600625213764,0.0000027131433537247925,0.9994867160065389],[1,0.053365052262990036,-3.671293419585352,-0.001399236105164372]],[1,"ThumbFinger1_R",2,[-44],[0,"44514I4fZU4Lp6kcrzYwAK",null,null,null,1,0],[1,0.0020461739040911198,0.001440146705135703,-0.0010091870790347457],[3,-0.4595940034718335,0.0002875035230418283,0.3594819842091024,0.8121243576839348],[1,-66.8612629553032,24.04778305689593,35.70583290960444]],[4,"ThumbFinger2_R",24,[-45],[0,"02Di0HEmBWj4K1GnEAp+aK",null,null,null,1,0],[1,0.0035088250879198313,1.5417854493104954e-11,2.0206272419165394e-11]],[10,"ThumbFinger3_R",25,[[2,"ThumbFinger4_R",-46,[0,"6fd3CE0LJZRr5AZxbORC4U",null,null,null,1,0],[1,0.002032894641160965,-3.692099737051535e-9,-2.3594028952800272e-9]]],[0,"05is4Pu89coL5eK0EBblx5",null,null,null,1,0],[1,0.00168685894459486,-3.552713599391162e-17,1.5987212189876965e-16]],[1,"IndexFinger1_R",2,[-47],[0,"e4whiOYWde8J41/ZN990lW",null,null,null,1,0],[1,0.008618577383458614,0.002361142076551914,-0.00017444365948904306],[3,0.004034708704244328,0.028509898002007858,0.1359893972432549,0.9902917704792882],[1,0.014100508123951807,3.2961739604203215,15.63858695994511]],[4,"IndexFinger2_R",27,[-48],[0,"b6IPrL0KBTMbeAy0g230p8",null,null,null,1,0],[1,0.002638583304360509,2.1453949998907068e-13,1.0190959404479671e-12]],[3,"IndexFinger3_R",28,[[2,"IndexFinger4_R",-49,[0,"ebHBqo6AdYMJ7aOAJn1fIJ",null,null,null,1,0],[1,0.0018547822255641222,-1.776356799695581e-17,-1.0658140798173486e-16]]],[0,"1aEO9HGtNT2Yb3lhuERcvG",null,null,null,1,0],[1,0.0017551941564306617,-1.4210854397564648e-16,-2.4868995857482625e-16],[3,-0.01428008620076934,-0.0502441146510656,-0.0001426772196242672,0.9986348620613241],[1,-1.635187979792072,-5.759624271284689,0.06589105967800443]],[1,"PinkyFinger1_R",7,[-50],[0,"08MGvHGGdTf72xB5usCmSn",null,null,null,1,0],[1,0.006275424268096685,-0.00269325845874846,-0.0005387960118241608],[3,-0.011847712995919486,0.06329113226337092,-0.1675158883159224,0.9837643475117984],[1,-0.1278881127592462,7.340391904149508,-19.33507051293506]],[1,"PinkyFinger2_R",30,[-51],[0,"81w14jh9JQSbN7CS4nzOxs",null,null,null,1,0],[1,0.002327322494238615,-1.0658140798173486e-16,-1.2789769751901572e-15],[3,0.0023266040375207937,-0.006276635145663648,-0.00028591755101347894,0.9999775542561218],[1,0.2663985615813659,-0.7191760488492233,-0.03443641316418282]],[3,"PinkyFinger3_R",31,[[2,"PinkyFinger4_R",-52,[0,"f3A/0Ym2JZzYI2Ax7q46Bo",null,null,null,1,0],[1,0.0017792339203879237,2.6645351995433716e-17,4.2632563192693945e-16]]],[0,"b0A9ZDSyBXq77q6nD+kiG5",null,null,null,1,0],[1,0.0014230168890208006,-8.881783998477905e-18,-2.8421708795129297e-16],[3,0.01870554074383286,-0.050229279779555325,-0.001229067647848209,0.9985617715449681],[1,2.1338531904578395,-5.7546630889732135,-0.24830530830204747]],[1,"RingFinger1_R",7,[-53],[0,"6aroe9Nf5ah6znzZqvVG8d",null,null,null,1,0],[1,0.006915432401001453,-0.0011789575219154358,-0.00024254956224467605],[3,-0.00018762646014289016,0.003381759203841554,-0.05652470958098585,0.998395455572482],[1,0.00044142589898239006,0.38816736064942536,-6.480744473225493]],[1,"RingFinger2_R",33,[-54],[0,"6cJ4XvOqZYuZIrzwOolFY9",null,null,null,1,0],[1,0.0028952411375939846,1.1990409142407723e-16,-1.953992565691923e-15],[3,-0.00247148498925247,0.018848250046346847,0.00008488919572378013,0.9998192976863183],[1,-0.28334464478796106,2.1599957165745463,0.004387789751435914]],[3,"RingFinger3_R",34,[[2,"RingFinger4_R",-55,[0,"6eHyr6PcFUu75CrSUS6oQi",null,null,null,1,0],[1,0.0019369354704394937,-4.440892164675075e-17,-3.55271373174006e-16]]],[0,"48Gkfxw+NckIh+19nkLqYl",null,null,null,1,0],[1,0.0017506027361378074,-1.1102230246251565e-16,1.6697754248010707e-15],[3,0.004941812810161913,-0.0376901074942516,-0.0000765250966614907,0.9992772530319755],[1,0.5655595026373957,-4.319895579261194,-0.03010632592115244]],[1,"Neck_M",5,[8],[0,"95F7NZl09e/66cJQwJBTu3",null,null,null,1,0],[1,0.027630219236016273,9.992007618673103e-18,3.6773220720996203e-17],[3,9.554088062240315e-18,1.0890568380220949e-16,0.027840842800658534,0.9996123686070262],[1,7.4810860810268105e-16,1.2463675431418764e-14,3.1907378685064383]],[4,"HeadEnd_M",8,[9],[0,"ffatZUR+lbs5SNcznFXbZk",null,null,null,1,0],[1,0.26641714572906494,2.187139390275294e-16,-4.0934876232335833e-16]],[1,"ear6",9,[-56],[0,"17Yr/iFhZbBYSmfqUWxRJU",null,null,null,1,0],[1,-0.08861470222473145,0.015499570406973362,-0.004322289954870939],[3,0.9999999999999993,-1.0536712835573774e-8,-1.5364493677338932e-8,-2.8929791895393444e-8],[1,-179.99999668489005,0.000001760641319064279,-0.000001207418299904412]],[1,"ear7",38,[-57],[0,"f54PRT7uJUAIXmnjgVPaqn",null,null,null,1,0],[1,-0.033100299537181854,-0.06239499896764755,0.02340310998260975],[3,-1.3243260656096802e-8,2.1489054003792327e-8,0.5198115685175222,0.8542809451435476],[1,-0.0000056059412383847874,0.000006293593856913698,62.6392254716078]],[1,"ear8",39,[-58],[0,"6a/wUxL1NS24FUPKquMNM8",null,null,null,1,0],[1,-0.0647519901394844,-0.0004869624099228531,0.0023872999008744955],[3,-4.3225384888064986e-10,1.8347721778686766e-8,0.001753872280946385,0.9999984619648282],[1,-5.32203996977021e-8,0.000002102590618840166,0.20097906204405339]],[3,"ear9",40,[[2,"ear10",-59,[0,"6a/CCzzu5ZVb+NiI6io6c+",null,null,null,1,0],[1,-0.014229999855160713,-0.025225000455975533,-0.017865799367427826]]],[0,"3cwnxMCN9V+6U5R124J1ba",null,null,null,1,0],[1,-0.07179836928844452,-0.00011247047950746492,-0.01224689930677414],[3,-1.7825554638430706e-8,2.938628407795414e-8,-0.5213090857094962,0.8533679377365475],[1,2.7006529117392603e-8,0.000003962533282478253,-62.84020681786434]],[4,"ear1",9,[-60],[0,"86KhoxQzdUopqc0cSnBNzD",null,null,null,1,0],[1,0.08861467987298965,0.015499246306717396,-0.004322288557887077]],[1,"ear2",42,[-61],[0,"48Ks6bkpFYw7FW0sy8aBdk",null,null,null,1,0],[1,0.03310003876686096,0.0623948872089386,-0.023403093218803406],[3,-4.891186458049325e-8,8.104129956147054e-8,0.51981156851752,0.8542809451435439],[1,-0.000020921726906920597,0.000023601140416925445,62.639225471605954]],[1,"ear3",43,[-62],[0,"fcknwatJtQU5UsMUW86YAK",null,null,null,1,0],[1,0.06475251913070679,0.00048715807497501373,-0.002387355314567685],[3,2.3581958883617187e-10,6.880365868612763e-8,0.0017538729794361716,0.999998461963601],[1,1.3194880742467325e-8,0.000007884307499754583,0.20097914208521245]],[3,"ear4",44,[[2,"ear5",-63,[0,"266hDYzn5VyKg1hjnZ4DRb",null,null,null,1,0],[1,0.014229771681129932,0.025225823745131493,0.017865808680653572]]],[0,"4bTae/k95bmY06neOddH6H",null,null,null,1,0],[1,0.07179819792509079,0.00011177748092450202,0.012246929109096527],[3,-6.610447756990896e-8,1.106220483252252e-7,-0.5213090857094921,0.8533679377365408],[1,3.155120200174622e-7,0.00001504724011192602,-62.84020681786431]],[1,"Scapula_L",5,[-64],[0,"22gWDB4rRSoaxWPEUcKg8j",null,null,null,1,0],[1,0.007310548797249794,0.0018670100253075361,0.04527267441153526],[3,0.7068679215431157,-0.020564576269661627,-0.7067419173261515,-0.020753360940338823],[1,-176.65159291744206,89.98934751129437,0.014992107435265944]],[1,"Shoulder_L",46,[-65],[0,"bbsuaRQLNR348KGYBV8q5v",null,null,null,1,0],[1,-0.01261230744421482,-1.4577228652141484e-14,0],[3,1.2682730053031633e-13,-0.00008646290387378688,-0.010618735124961462,0.9999436159046731],[1,-0.00010523328415859578,-0.009909595116052012,-1.2168402770214528]],[1,"Elbow_L",47,[3],[0,"e9OKivY3xfuKoS6YbArRzX",null,null,null,1,0],[1,-0.06365488469600677,2.7755575615628914e-17,2.8421708795129297e-16],[3,-0.000007637966490071012,1.6128234331760258e-7,0.021111166025228795,0.9997771344708233],[1,-0.0008762226258052113,0.00003698791982311648,2.419341159375433]],[1,"MiddleFinger1_L",3,[-66],[0,"94jkNSWG5f7r526fR/KVCk",null,null,null,1,0],[1,-0.00963249709457159,-3.3306689994292145e-18,-6.750155905017657e-16],[3,-0.00021659149320446837,0.04166428394232463,-0.009307205726107083,0.999088292621463],[1,0.019642568097428557,4.776147586177523,-1.0666505542608264]],[1,"MiddleFinger2_L",49,[-67],[0,"e6Aeptd1FfDJhweahPINWV",null,null,null,1,0],[1,-0.003106409450992942,-5.258682486859734e-13,9.112710450598013e-14],[3,0.00031951297769661376,-0.02198937040354353,-0.00001541402934181339,0.999758153386668],[1,0.036565797700570675,-2.519998656489812,-0.002570998074801244]],[3,"MiddleFinger3_L",50,[[2,"MiddleFinger4_L",-68,[0,"9bajZ2yj5UtbiOJOwRT4dB",null,null,null,1,0],[1,-0.0020934604108333588,-2.2204460823375376e-17,-7.10542746348012e-16]]],[0,"52WZvJJ1ZfvJMXyYmq+agC",null,null,null,1,0],[1,-0.001712701516225934,6.661337998858429e-18,8.881784197001252e-16],[3,0.00046585007062023413,-0.032032600625213764,0.0000027131433537247925,0.9994867160065389],[1,0.053365052262990036,-3.671293419585352,-0.001399236105164372]],[1,"ThumbFinger1_L",3,[-69],[0,"ddPfRh0QZSebD3A9sQmbTF",null,null,null,1,0],[1,-0.0020461739040911198,-0.001440146705135703,0.0010091870790347457],[3,-0.4595940034718335,0.0002875035230418283,0.3594819842091024,0.8121243576839348],[1,-66.8612629553032,24.04778305689593,35.70583290960444]],[4,"ThumbFinger2_L",52,[-70],[0,"e4xvHjz7lVRowpQ7StZ2NV",null,null,null,1,0],[1,-0.0035088250879198313,-1.5418173682224534e-11,-2.020605904817785e-11]],[10,"ThumbFinger3_L",53,[[2,"ThumbFinger4_L",-71,[0,"b5NeRZFsRdY7YsBIkYz9Pi",null,null,null,1,0],[1,-0.002032894641160965,3.692099737051535e-9,2.3594028952800272e-9]]],[0,"da0vbyPElbQo2rYsM51GtP",null,null,null,1,0],[1,-0.00168685894459486,-7.105427198782324e-17,-1.1546319032585154e-16]],[1,"IndexFinger1_L",3,[-72],[0,"30keUR/pFbwJNv87aqZdaa",null,null,null,1,0],[1,-0.008618577383458614,-0.002361142076551914,0.00017444365948904306],[3,0.004034708704244328,0.028509898002007858,0.1359893972432549,0.9902917704792882],[1,0.014100508123951807,3.2961739604203215,15.63858695994511]],[4,"IndexFinger2_L",55,[-73],[0,"bfBBagOGNeeZSHHxl/WNdW",null,null,null,1,0],[1,-0.002638583304360509,-2.14455121954997e-13,-1.018847224469599e-12]],[3,"IndexFinger3_L",56,[[2,"IndexFinger4_L",-74,[0,"c1IePzVaRUx50C4cfRDwps",null,null,null,1,0],[1,-0.0018547822255641222,8.881783998477905e-18,1.0658140798173486e-16]]],[0,"eetkdnSZteaY8AchhYbDbi",null,null,null,1,0],[1,-0.0017551941564306617,1.5099033293720807e-16,4.618527613034062e-16],[3,-0.01428008620076934,-0.0502441146510656,-0.0001426772196242672,0.9986348620613241],[1,-1.635187979792072,-5.759624271284689,0.06589105967800443]],[1,"PinkyFinger1_L",10,[-75],[0,"c9W8deCu9YXo0JyVsCkeC+",null,null,null,1,0],[1,-0.006275424268096685,0.00269325845874846,0.0005387960118241608],[3,-0.011847712995919486,0.06329113226337092,-0.1675158883159224,0.9837643475117984],[1,-0.1278881127592462,7.340391904149508,-19.33507051293506]],[1,"PinkyFinger2_L",58,[-76],[0,"834+A8hABW6LCFbxfGhq4E",null,null,null,1,0],[1,-0.002327322494238615,9.769962563761818e-17,8.171241609471918e-16],[3,0.0023266040375207937,-0.006276635145663648,-0.00028591755101347894,0.9999775542561218],[1,0.2663985615813659,-0.7191760488492233,-0.03443641316418282]],[3,"PinkyFinger3_L",59,[[2,"PinkyFinger4_L",-77,[0,"6ca4NjTsdfIKOLH/YebTPC",null,null,null,1,0],[1,-0.0017792339203879237,7.993606094938482e-17,-8.171241609471918e-16]]],[0,"23qcymP3BcX75o0K8Rr7gs",null,null,null,1,0],[1,-0.0014230168890208006,1.332267682489747e-16,7.10542746348012e-16],[3,0.01870554074383286,-0.050229279779555325,-0.001229067647848209,0.9985617715449681],[1,2.1338531904578395,-5.7546630889732135,-0.24830530830204747]],[1,"RingFinger1_L",10,[-78],[0,"58bifygZZecaoqw5QChSST",null,null,null,1,0],[1,-0.006915432401001453,0.0011789575219154358,0.00024254956224467605],[3,-0.00018762646014289016,0.003381759203841554,-0.05652470958098585,0.998395455572482],[1,0.00044142589898239006,0.38816736064942536,-6.480744473225493]],[1,"RingFinger2_L",61,[-79],[0,"adT7VortlcO4EHYDeRSnOo",null,null,null,1,0],[1,-0.0028952411375939846,-1.332267682489747e-16,1.953992565691923e-15],[3,-0.00247148498925247,0.018848250046346847,0.00008488919572378013,0.9998192976863183],[1,-0.28334464478796106,2.1599957165745463,0.004387789751435914]],[3,"RingFinger3_L",62,[[2,"RingFinger4_L",-80,[0,"93Gyg045xQ4aHjhGD6sp9Y",null,null,null,1,0],[1,-0.0019369354704394937,-2.6645351995433716e-17,9.94759834299305e-16]]],[0,"7cJUW1+p1XObt9YyVbezBM",null,null,null,1,0],[1,-0.0017506027361378074,1.376676561123106e-16,-2.0605738744119842e-15],[3,0.004941812810161913,-0.0376901074942516,-0.0000765250966614907,0.9992772530319755],[1,0.5655595026373957,-4.319895579261194,-0.03010632592115244]],[1,"Hip_L",4,[-81],[0,"cd6SDB3uVc36HpQRIc/lUO",null,null,null,1,0],[1,-0.0021486333571374416,-0.00021750257292296737,0.05283629521727562],[3,0.9926860014128609,-0.1196069452841893,-0.014904397956718154,-0.006822034907440289],[1,-178.9908244797371,1.8418287209603168,-13.724934065358944]],[1,"Knee_L",64,[-82],[0,"4aum6+IRlQ8avVh90re6fh",null,null,null,1,0],[1,-0.049741245806217194,-5.66213731970918e-17,-2.220446049250313e-16],[3,1.544922198989372e-16,1.0039759846967113e-16,-0.0821994996999933,0.9966158950413498],[1,1.8843923479691327e-14,1.3098003431900393e-14,-9.430008603220696]],[1,"Ankle_L",65,[-83],[0,"7bj6iBEXpWHaEt3s7xoDt7",null,null,null,1,0],[1,-0.03830179572105408,-1.2073675458973026e-17,3.552713599391162e-17],[3,-0.012982776329060915,0.014627548798975347,0.03724838776216851,0.9991146280302587],[1,-1.5532892689824547,1.7351530372333308,4.246697310812593]],[3,"Toes_L",66,[[5,"ToesEnd_L",-84,[0,"3e+7FwewZcB5UFXAo0L6H+",null,null,null,1,0],[1,-0.006269009783864021,7.6605388434438e-17,1.0658140798173486e-16],[3,8.770820159035643e-8,-0.0000012982733323940842,1.1389696965507445e-13,0.9999999999991533],[1,0.000010050619559628563,-0.00014877116520117453,3.1799728265788583e-15]]],[0,"421eIWVR5TGbSiUNnvDCEB",null,null,null,1,0],[1,-0.00666117062792182,-0.013424175791442394,1.8598456582859073e-14],[3,0.004560310808725531,-0.003983136222354828,0.6578248070338881,0.7531466400655253],[1,5.145023883461449,-5.098148851277488,82.23932587983506]],[1,"Tail_root",4,[-85],[0,"0f/teMJX9XrLV0dC2GEy8G",null,null,null,1,0],[1,0.002173712244257331,-0.07621278613805771,-4.419003311305697e-17],[3,6.701425663216694e-9,-3.2560780867477365e-9,-0.7640848190098142,0.6451157953102213],[1,179.9999987455677,179.99999793585627,-80.34871591706255]],[1,"tail1",68,[-86],[0,"18hDR742BXkoNm/AWhAEc5",null,null,null,1,0],[1,0.026872193440794945,-3.552713599391162e-17,1.3773099002309133e-17],[3,4.946297551572331e-16,-3.4544197596344276e-16,0.1257151949047199,0.9920663736716754],[1,6.32049372059879e-14,-4.79106608589189e-14,14.444118498555477]],[3,"tail",69,[[5,"tail_2",-87,[0,"a0xPp1RxhUxaAYjzYU1gDn",null,null,null,1,0],[1,0.028822612017393112,0,-1.1677047980082015e-16],[3,-0.3245200211037783,-0.6282410014499239,-0.3245200211037783,0.6282410014499239],[1,-54.637536871468306,-90,0]]],[0,"a2J+wRkX1ZqZgY88fheGKI",null,null,null,1,0],[1,0.026137255132198334,0,-4.3719043089714176e-17],[3,-5.581961063817246e-17,5.069007833012608e-16,0.35244885369739026,0.9358310774532952],[1,-3.5204846616192994e-14,7.53281874933923e-14,41.274342590541615]]],0,[0,4,1,0,1,1,0,-1,6,0,-2,4,0,-1,21,0,-2,24,0,-3,27,0,-4,7,0,0,2,0,-1,49,0,-2,52,0,-3,55,0,-4,10,0,0,3,0,-1,13,0,-2,17,0,-3,64,0,-4,68,0,-1,18,0,-2,36,0,-3,46,0,0,5,0,-1,11,0,-2,12,0,-1,30,0,-2,33,0,-1,37,0,0,8,0,-1,38,0,-2,42,0,-1,58,0,-2,61,0,1,11,0,1,12,0,-1,14,0,-1,15,0,-1,16,0,0,16,0,-1,19,0,-1,20,0,-1,22,0,-1,23,0,0,23,0,-1,25,0,-1,26,0,0,26,0,-1,28,0,-1,29,0,0,29,0,-1,31,0,-1,32,0,0,32,0,-1,34,0,-1,35,0,0,35,0,-1,39,0,-1,40,0,-1,41,0,0,41,0,-1,43,0,-1,44,0,-1,45,0,0,45,0,-1,47,0,-1,48,0,-1,50,0,-1,51,0,0,51,0,-1,53,0,-1,54,0,0,54,0,-1,56,0,-1,57,0,0,57,0,-1,59,0,-1,60,0,0,60,0,-1,62,0,-1,63,0,0,63,0,-1,65,0,-1,66,0,-1,67,0,0,67,0,-1,69,0,-1,70,0,0,70,0,5,1,2,0,20,3,0,48,5,0,17,8,0,36,9,0,37,87],[0,0,0,0],[2,3,2,3],[0,1,2,3]],[[[13,".bin",3472362439,[{"primitives":[{"primitiveMode":7,"jointMapIndex":0,"vertexBundelIndices":[0],"indexView":{"offset":6048,"length":792,"count":396,"stride":2}}],"vertexBundles":[{"view":{"offset":0,"length":6048,"count":84,"stride":72},"attributes":[{"name":"a_position","format":32,"isNormalized":false},{"name":"a_normal","format":32,"isNormalized":false},{"name":"a_texCoord","format":21,"isNormalized":false},{"name":"a_tangent","format":44,"isNormalized":false},{"name":"a_joints","format":42,"isNormalized":false},{"name":"a_weights","format":44,"isNormalized":false}]}],"jointMaps":[[0,7,9,33,34,36,37,42,48]]},"minPosition",8,[1,-0.17234498262405396,0.21547359228134155,0.03968369960784912],"maxPosition",8,[1,0.17234498262405396,0.5244821310043335,0.17053456604480743]]],-1],0,0,[],[],[]],[[[13,".bin",2965674815,[{"primitives":[{"primitiveMode":7,"jointMapIndex":0,"vertexBundelIndices":[0],"indexView":{"offset":101880,"length":15144,"count":7572,"stride":2}}],"vertexBundles":[{"view":{"offset":0,"length":101880,"count":1415,"stride":72},"attributes":[{"name":"a_position","format":32,"isNormalized":false},{"name":"a_normal","format":32,"isNormalized":false},{"name":"a_texCoord","format":21,"isNormalized":false},{"name":"a_tangent","format":44,"isNormalized":false},{"name":"a_joints","format":42,"isNormalized":false},{"name":"a_weights","format":44,"isNormalized":false}]}],"jointMaps":[[0,1,2,3,6,7,8,9,10,11,12,20,24,33,34,36,37,38,39,40,42,43,44,45,47,48,49,50,51,59,63,72,73,74,77,78,79,80]]},"minPosition",8,[1,-0.23566462099552155,-3.0909886606534525e-17,-0.18748146295547485],"maxPosition",8,[1,0.23566462099552155,0.5842708945274353,0.16468104720115662]]],-1],0,0,[],[],[]],[[[14,"Skin-0",1265738141,["Root_M","Root_M/Hip_R","Root_M/Hip_R/Knee_R","Root_M/Hip_R/Knee_R/Ankle_R","Root_M/Hip_R/Knee_R/Ankle_R/Toes_R","Root_M/Hip_R/Knee_R/Ankle_R/Toes_R/ToesEnd_R","Root_M/Spine1_M","Root_M/Spine1_M/Chest_M","Root_M/Spine1_M/Chest_M/Scapula_R","Root_M/Spine1_M/Chest_M/Scapula_R/Shoulder_R","Root_M/Spine1_M/Chest_M/Scapula_R/Shoulder_R/Elbow_R","Root_M/Spine1_M/Chest_M/Scapula_R/Shoulder_R/Elbow_R/Wrist_R","Root_M/Spine1_M/Chest_M/Scapula_R/Shoulder_R/Elbow_R/Wrist_R/MiddleFinger1_R","Root_M/Spine1_M/Chest_M/Scapula_R/Shoulder_R/Elbow_R/Wrist_R/MiddleFinger1_R/MiddleFinger2_R","Root_M/Spine1_M/Chest_M/Scapula_R/Shoulder_R/Elbow_R/Wrist_R/MiddleFinger1_R/MiddleFinger2_R/MiddleFinger3_R","Root_M/Spine1_M/Chest_M/Scapula_R/Shoulder_R/Elbow_R/Wrist_R/MiddleFinger1_R/MiddleFinger2_R/MiddleFinger3_R/MiddleFinger4_R","Root_M/Spine1_M/Chest_M/Scapula_R/Shoulder_R/Elbow_R/Wrist_R/ThumbFinger1_R","Root_M/Spine1_M/Chest_M/Scapula_R/Shoulder_R/Elbow_R/Wrist_R/ThumbFinger1_R/ThumbFinger2_R","Root_M/Spine1_M/Chest_M/Scapula_R/Shoulder_R/Elbow_R/Wrist_R/ThumbFinger1_R/ThumbFinger2_R/ThumbFinger3_R","Root_M/Spine1_M/Chest_M/Scapula_R/Shoulder_R/Elbow_R/Wrist_R/ThumbFinger1_R/ThumbFinger2_R/ThumbFinger3_R/ThumbFinger4_R","Root_M/Spine1_M/Chest_M/Scapula_R/Shoulder_R/Elbow_R/Wrist_R/IndexFinger1_R","Root_M/Spine1_M/Chest_M/Scapula_R/Shoulder_R/Elbow_R/Wrist_R/IndexFinger1_R/IndexFinger2_R","Root_M/Spine1_M/Chest_M/Scapula_R/Shoulder_R/Elbow_R/Wrist_R/IndexFinger1_R/IndexFinger2_R/IndexFinger3_R","Root_M/Spine1_M/Chest_M/Scapula_R/Shoulder_R/Elbow_R/Wrist_R/IndexFinger1_R/IndexFinger2_R/IndexFinger3_R/IndexFinger4_R","Root_M/Spine1_M/Chest_M/Scapula_R/Shoulder_R/Elbow_R/Wrist_R/Cup_R","Root_M/Spine1_M/Chest_M/Scapula_R/Shoulder_R/Elbow_R/Wrist_R/Cup_R/PinkyFinger1_R","Root_M/Spine1_M/Chest_M/Scapula_R/Shoulder_R/Elbow_R/Wrist_R/Cup_R/PinkyFinger1_R/PinkyFinger2_R","Root_M/Spine1_M/Chest_M/Scapula_R/Shoulder_R/Elbow_R/Wrist_R/Cup_R/PinkyFinger1_R/PinkyFinger2_R/PinkyFinger3_R","Root_M/Spine1_M/Chest_M/Scapula_R/Shoulder_R/Elbow_R/Wrist_R/Cup_R/PinkyFinger1_R/PinkyFinger2_R/PinkyFinger3_R/PinkyFinger4_R","Root_M/Spine1_M/Chest_M/Scapula_R/Shoulder_R/Elbow_R/Wrist_R/Cup_R/RingFinger1_R","Root_M/Spine1_M/Chest_M/Scapula_R/Shoulder_R/Elbow_R/Wrist_R/Cup_R/RingFinger1_R/RingFinger2_R","Root_M/Spine1_M/Chest_M/Scapula_R/Shoulder_R/Elbow_R/Wrist_R/Cup_R/RingFinger1_R/RingFinger2_R/RingFinger3_R","Root_M/Spine1_M/Chest_M/Scapula_R/Shoulder_R/Elbow_R/Wrist_R/Cup_R/RingFinger1_R/RingFinger2_R/RingFinger3_R/RingFinger4_R","Root_M/Spine1_M/Chest_M/Neck_M","Root_M/Spine1_M/Chest_M/Neck_M/Head_M","Root_M/Spine1_M/Chest_M/Neck_M/Head_M/HeadEnd_M","Root_M/Spine1_M/Chest_M/Neck_M/Head_M/HeadEnd_M/Ear_root","Root_M/Spine1_M/Chest_M/Neck_M/Head_M/HeadEnd_M/Ear_root/ear6","Root_M/Spine1_M/Chest_M/Neck_M/Head_M/HeadEnd_M/Ear_root/ear6/ear7","Root_M/Spine1_M/Chest_M/Neck_M/Head_M/HeadEnd_M/Ear_root/ear6/ear7/ear8","Root_M/Spine1_M/Chest_M/Neck_M/Head_M/HeadEnd_M/Ear_root/ear6/ear7/ear8/ear9","Root_M/Spine1_M/Chest_M/Neck_M/Head_M/HeadEnd_M/Ear_root/ear6/ear7/ear8/ear9/ear10","Root_M/Spine1_M/Chest_M/Neck_M/Head_M/HeadEnd_M/Ear_root/ear1","Root_M/Spine1_M/Chest_M/Neck_M/Head_M/HeadEnd_M/Ear_root/ear1/ear2","Root_M/Spine1_M/Chest_M/Neck_M/Head_M/HeadEnd_M/Ear_root/ear1/ear2/ear3","Root_M/Spine1_M/Chest_M/Neck_M/Head_M/HeadEnd_M/Ear_root/ear1/ear2/ear3/ear4","Root_M/Spine1_M/Chest_M/Neck_M/Head_M/HeadEnd_M/Ear_root/ear1/ear2/ear3/ear4/ear5","Root_M/Spine1_M/Chest_M/Scapula_L","Root_M/Spine1_M/Chest_M/Scapula_L/Shoulder_L","Root_M/Spine1_M/Chest_M/Scapula_L/Shoulder_L/Elbow_L","Root_M/Spine1_M/Chest_M/Scapula_L/Shoulder_L/Elbow_L/Wrist_L","Root_M/Spine1_M/Chest_M/Scapula_L/Shoulder_L/Elbow_L/Wrist_L/MiddleFinger1_L","Root_M/Spine1_M/Chest_M/Scapula_L/Shoulder_L/Elbow_L/Wrist_L/MiddleFinger1_L/MiddleFinger2_L","Root_M/Spine1_M/Chest_M/Scapula_L/Shoulder_L/Elbow_L/Wrist_L/MiddleFinger1_L/MiddleFinger2_L/MiddleFinger3_L","Root_M/Spine1_M/Chest_M/Scapula_L/Shoulder_L/Elbow_L/Wrist_L/MiddleFinger1_L/MiddleFinger2_L/MiddleFinger3_L/MiddleFinger4_L","Root_M/Spine1_M/Chest_M/Scapula_L/Shoulder_L/Elbow_L/Wrist_L/ThumbFinger1_L","Root_M/Spine1_M/Chest_M/Scapula_L/Shoulder_L/Elbow_L/Wrist_L/ThumbFinger1_L/ThumbFinger2_L","Root_M/Spine1_M/Chest_M/Scapula_L/Shoulder_L/Elbow_L/Wrist_L/ThumbFinger1_L/ThumbFinger2_L/ThumbFinger3_L","Root_M/Spine1_M/Chest_M/Scapula_L/Shoulder_L/Elbow_L/Wrist_L/ThumbFinger1_L/ThumbFinger2_L/ThumbFinger3_L/ThumbFinger4_L","Root_M/Spine1_M/Chest_M/Scapula_L/Shoulder_L/Elbow_L/Wrist_L/IndexFinger1_L","Root_M/Spine1_M/Chest_M/Scapula_L/Shoulder_L/Elbow_L/Wrist_L/IndexFinger1_L/IndexFinger2_L","Root_M/Spine1_M/Chest_M/Scapula_L/Shoulder_L/Elbow_L/Wrist_L/IndexFinger1_L/IndexFinger2_L/IndexFinger3_L","Root_M/Spine1_M/Chest_M/Scapula_L/Shoulder_L/Elbow_L/Wrist_L/IndexFinger1_L/IndexFinger2_L/IndexFinger3_L/IndexFinger4_L","Root_M/Spine1_M/Chest_M/Scapula_L/Shoulder_L/Elbow_L/Wrist_L/Cup_L","Root_M/Spine1_M/Chest_M/Scapula_L/Shoulder_L/Elbow_L/Wrist_L/Cup_L/PinkyFinger1_L","Root_M/Spine1_M/Chest_M/Scapula_L/Shoulder_L/Elbow_L/Wrist_L/Cup_L/PinkyFinger1_L/PinkyFinger2_L","Root_M/Spine1_M/Chest_M/Scapula_L/Shoulder_L/Elbow_L/Wrist_L/Cup_L/PinkyFinger1_L/PinkyFinger2_L/PinkyFinger3_L","Root_M/Spine1_M/Chest_M/Scapula_L/Shoulder_L/Elbow_L/Wrist_L/Cup_L/PinkyFinger1_L/PinkyFinger2_L/PinkyFinger3_L/PinkyFinger4_L","Root_M/Spine1_M/Chest_M/Scapula_L/Shoulder_L/Elbow_L/Wrist_L/Cup_L/RingFinger1_L","Root_M/Spine1_M/Chest_M/Scapula_L/Shoulder_L/Elbow_L/Wrist_L/Cup_L/RingFinger1_L/RingFinger2_L","Root_M/Spine1_M/Chest_M/Scapula_L/Shoulder_L/Elbow_L/Wrist_L/Cup_L/RingFinger1_L/RingFinger2_L/RingFinger3_L","Root_M/Spine1_M/Chest_M/Scapula_L/Shoulder_L/Elbow_L/Wrist_L/Cup_L/RingFinger1_L/RingFinger2_L/RingFinger3_L/RingFinger4_L","Root_M/Hip_L","Root_M/Hip_L/Knee_L","Root_M/Hip_L/Knee_L/Ankle_L","Root_M/Hip_L/Knee_L/Ankle_L/Toes_L","Root_M/Hip_L/Knee_L/Ankle_L/Toes_L/ToesEnd_L","Root_M/Tail_root","Root_M/Tail_root/tail1","Root_M/Tail_root/tail1/tail","Root_M/Tail_root/tail1/tail/tail_2"],[[[7,2.801137691872175e-16,-3.2549197114959056e-16,1,0,0.9888336062431335,-0.1490238457918167,-3.2549197114959056e-16,0,0.1490238457918167,0.9888336062431335,2.801137691872175e-16,0,-0.0969235822558403,0.016398761421442032,3.4407520565041497e-17,1],[7,-0.031222699210047722,-0.009978937916457653,-0.9994626641273499,0,-0.9954596757888794,0.09026757627725601,0.03019638918340206,0,0.08991774171590805,0.9958675503730774,-0.012752028182148933,0,0.09431387484073639,-0.0069128889590501785,-0.05574199929833412,1],[7,-0.02916579507291317,-0.014959697611629963,-0.9994626641273499,0,-0.9967972040176392,-0.07405100762844086,0.03019638918340206,0,-0.07446294277906418,0.9971422553062439,-0.012752028182148933,0,0.04510292410850525,0.0004834264109376818,-0.05574199929833412,1],[7,1.4745316967434974e-8,0.012108296155929565,-0.9999266862869263,0,-1,7.671697517253051e-7,-5.456598728414974e-9,0,7.670474246879166e-7,0.9999266862869263,0.012108296155929565,0,0.008498352020978928,0.00135846808552742,-0.055494070053100586,1],[7,0.00000131729711938533,1.6392235124840226e-7,-1,0,-0.13450053334236145,0.9909135103225708,-1.4744302667679676e-8,0,0.9909135103225708,0.13450053334236145,0.0000013273752301756758,0,-0.012373852543532848,-0.003533588722348213,-0.05534392595291138,1],[7,0.00000131729711938533,3.3933875442926364e-7,-1,0,-0.13450053334236145,0.9909135103225708,1.5907819772564835e-7,0,0.9909135103225708,0.13450053334236145,0.0000013509687732948805,0,-0.018642863258719444,-0.0035335791762918234,-0.05534394085407257,1],[7,2.832752931930646e-16,-2.842473958489369e-16,1,0,0.999994158744812,-0.0034257753286510706,-2.842473958489369e-16,0,0.0034257753286510706,0.999994158744812,2.832752931930646e-16,0,-0.1494317650794983,-0.005421605426818132,3.3121029719394924e-17,1],[7,2.8279536961910623e-16,-2.9978764463441554e-16,1,0,0.9983000159263611,-0.05828465521335602,-2.9978764463441554e-16,0,0.05828465521335602,0.9983000159263611,2.8279536961910623e-16,0,-0.18895474076271057,0.0049527352675795555,4.012981376761798e-17,1],[7,-0.9999999403953552,-0.0002720747434068471,-0.00017030946037266403,0,-0.00017034291522577405,0.00012297570356167853,1,0,-0.00027205378864891827,0.9999999403953552,-0.00012302203685976565,0,-0.045236993581056595,-0.008395208977162838,-0.19611816108226776,1],[7,-0.9997686743736267,-0.021508285775780678,0.0000026060895379487192,0,-5.450274580205737e-15,0.00012116676953155547,1,0,-0.021508285775780678,0.9997686743736267,-0.00012113874254282564,0,-0.05769188329577446,-0.009622178971767426,-0.19610817730426788,1],[7,-0.9997854232788086,0.02071404457092285,0.0000022774570425099228,0,0.000004469818122743163,0.00010579304944258183,1,0,0.02071404457092285,0.9997854232788086,-0.00010586293501546606,0,-0.12164465337991714,-0.004488206934183836,-0.19610832631587982,1],[7,-0.9999915361404419,0.004116971045732498,0.0000059942130974377505,0,0.000006464731541200308,0.00011427421122789383,1,0,0.0041169701144099236,0.9999915361404419,-0.00011429985897848383,0,-0.18651793897151947,-0.007586675230413675,-0.19610755145549774,1],[7,-0.996423602104187,-0.014462984167039394,-0.08325135707855225,0,-0.08324424922466278,-0.0010939696803689003,0.9965285658836365,0,-0.014503851532936096,0.9998947978019714,-0.00011390310828574002,0,-0.17896856367588043,-0.010992750525474548,-0.2117549031972885,1],[7,-0.999119758605957,-0.014532933942973614,-0.039350736886262894,0,-0.039348237216472626,-0.0004580361710395664,0.9992254376411438,0,-0.01453970093280077,0.9998942613601685,-0.00011421232193242759,0,-0.1912088543176651,-0.011131229810416698,-0.20353758335113525,1],[7,-0.9995887875556946,-0.014534327201545238,0.02471952699124813,0,0.024715252220630646,0.00047367875231429935,0.9996944069862366,0,-0.014541595242917538,0.9998942613601685,-0.00011426435958128422,0,-0.20555835962295532,-0.011313923634588718,-0.19075621664524078,1],[7,-0.9995887875556946,-0.014534327201545238,0.02471952699124813,0,0.024715252220630646,0.00047367875231429935,0.9996944069862366,0,-0.014541595242917538,0.9998942613601685,-0.00011426435958128422,0,-0.20765182375907898,-0.011313923634588718,-0.19075621664524078,1],[7,-0.7391381859779358,0.5854566693305969,0.33303937315940857,0,-0.3308270275592804,-0.7462555766105652,0.5776296854019165,0,0.5867096781730652,0.3167697489261627,0.7452709078788757,0,-0.08053933084011078,0.2528694272041321,-0.05719924718141556,1],[7,-0.7391381859779358,0.5854566693305969,0.33303937315940857,0,-0.3308270275592804,-0.7462555766105652,0.5776296854019165,0,0.5867096781730652,0.3167697489261627,0.7452709078788757,0,-0.08404815942049026,0.2528694272041321,-0.05719924718141556,1],[7,-0.7391381859779358,0.5854566693305969,0.33303937315940857,0,-0.3308270275592804,-0.7462555766105652,0.5776296854019165,0,0.5867096781730652,0.3167697489261627,0.7452709078788757,0,-0.0857350155711174,0.2528694272041321,-0.05719924718141556,1],[7,-0.7391381859779358,0.5854566693305969,0.33303937315940857,0,-0.3308270275592804,-0.7462555766105652,0.5776296854019165,0,0.5867096781730652,0.3167697489261627,0.7452709078788757,0,-0.08776791393756866,0.2528694272041321,-0.05719924718141556,1],[7,-0.9602705240249634,0.27307066321372986,-0.0575580932199955,0,-0.05533185973763466,0.01585346832871437,0.9983421564102173,0,0.2735304534435272,0.9618633389472961,-0.00011411038576625288,0,-0.17943495512008667,0.03984829783439636,-0.20683862268924713,1],[7,-0.9602705240249634,0.27307066321372986,-0.0575580932199955,0,-0.05533185973763466,0.01585346832871437,0.9983421564102173,0,0.2735304534435272,0.9618633389472961,-0.00011411038576625288,0,-0.18207354843616486,0.03984829783439636,-0.20683862268924713,1],[7,-0.9608843326568604,0.2729484736919403,0.04690844565629959,0,0.04515449330210686,-0.012707751244306564,0.9988991618156433,0,0.27324411273002625,0.9619446992874146,-0.00011417151836212724,0,-0.2036120742559433,0.04541218653321266,-0.1861262023448944,1],[7,-0.9608843326568604,0.2729484736919403,0.04690844565629959,0,0.04515449330210686,-0.012707751244306564,0.9988991618156433,0,0.27324411273002625,0.9619446992874146,-0.00011417151836212724,0,-0.2054668664932251,0.04541218653321266,-0.1861262023448944,1],[7,-0.9993870854377747,-0.017343031242489815,-0.03040824830532074,0,-0.03040347993373871,-0.0005385872209444642,0.9995375871658325,0,-0.017351388931274414,0.9998494386672974,0.000010968599781335797,0,-0.18231572210788727,-0.010487154126167297,-0.201740100979805,1],[7,-0.9258836507797241,-0.34290269017219543,-0.15861034393310547,0,-0.14877724647521973,-0.054978035390377045,0.9873412251472473,0,-0.3472820520401001,0.9377607107162476,-0.0001128568546846509,0,-0.14965903759002686,-0.060273122042417526,-0.22378259897232056,1],[7,-0.9275952577590942,-0.3441399335861206,-0.1453779637813568,0,-0.1363396942615509,-0.050460413098335266,0.9893761873245239,0,-0.3478196859359741,0.9375614523887634,-0.00011308912507956848,0,-0.15474697947502136,-0.061397016048431396,-0.22157421708106995,1],[7,-0.9359971880912781,-0.34988072514533997,-0.0386354997754097,0,-0.03622975945472717,-0.013420851901173592,0.9992533922195435,0,-0.35013800859451294,0.9366981387138367,-0.00011421549424994737,0,-0.17733225226402283,-0.06974850594997406,-0.20234183967113495,1],[7,-0.9359971880912781,-0.34988072514533997,-0.0386354997754097,0,-0.03622975945472717,-0.013420851901173592,0.9992533922195435,0,-0.35013800859451294,0.9366981387138367,-0.00011421549424994737,0,-0.17911148071289062,-0.06974850594997406,-0.20234183967113495,1],[7,-0.9908158779144287,-0.13000676035881042,-0.03717714175581932,0,-0.03687605634331703,-0.004723294172435999,0.999308705329895,0,-0.13009248673915863,0.9915018677711487,-0.00011422178067732602,0,-0.18561063706874847,-0.03045409731566906,-0.20277468860149384,1],[7,-0.9887205958366394,-0.12956106662750244,-0.07513631880283356,0,-0.07451426237821579,-0.009649003855884075,0.9971732497215271,0,-0.12991982698440552,0.9915245175361633,-0.00011397862544981763,0,-0.18073168396949768,-0.029402684420347214,-0.20988339185714722,1],[7,-0.991503119468689,-0.13008014857769012,0.0008365335525013506,0,0.0008145577739924192,0.00022214517230167985,0.9999996423721313,0,-0.13008029758930206,0.9915034770965576,-0.00011429982987465337,0,-0.19775784015655518,-0.031435299664735794,-0.19524085521697998,1],[7,-0.991503119468689,-