[1,["33f6s0nIlBuLkMQQ0Yk7pN@6c48a","a3zQCfCrBCDZJ4uf2rk5u8","83h5IYJHxG2ZN2k13xGRQO@0b672","75GRWC8fBPdLOCr+fqOWTY","28g/Bm35ZAz7W9VGLGwrKR","61FDv6OhtPqK8srLiQWFtJ","a0X46kalxI7rAIyoAO2Dbm","12Y9dMgWdJKJGmTiZyQR9H@fc873","83h5IYJHxG2ZN2k13xGRQO@180d7","83h5IYJHxG2ZN2k13xGRQO@30732","83h5IYJHxG2ZN2k13xGRQO@79081","83h5IYJHxG2ZN2k13xGRQO@f1394"],["_parent","targetInfo","node","value","root","_mesh","data","_skeleton","mainTexture","_effectAsset","asset","_graph"],[["cc.Node",["_name","_objFlags","__editorExtras__","_prefab","_parent","_children","_lpos","_lrot","_euler","_components","_lscale"],0,4,1,2,5,5,5,9,5],["cc.Node",["_name","_parent","_children","_prefab","_lpos","_lrot","_euler"],2,1,9,4,5,5,5],["cc.ModelBakeSettings",["_castShadow","_receiveShadow"],1],["cc.Material",["_name","_states","_defines","_props"],0,12],["cc.Prefab",["_name"],2],["cc.Node",["_name","_children","_prefab","_lpos","_lrot","_euler"],2,12,4,5,5,5],["cc.PrefabInfo",["fileId","instance","targetOverrides","root","asset","nestedPrefabInstanceRoots"],0,1,1,2],["cc.PrefabInfo",["fileId","targetOverrides","nestedPrefabInstanceRoots","root","instance","asset"],0,1,4,6],["cc.PrefabInfo",["fileId","instance","targetOverrides","nestedPrefabInstanceRoots","root","asset"],-1,1,1],["cc.PrefabInstance",["fileId","prefabRootNode","mountedComponents","propertyOverrides","removedComponents"],2,1,9,9,9],["cc.MountedComponentsInfo",["targetInfo","components"],3,4,9],["cc.TargetInfo",["localID"],2],["cc.animation.AnimationController",["node","__prefab","_graph"],3,1,4,6],["cc.CompPrefabInfo",["fileId"],2],["CCPropertyOverrideInfo",["value","propertyPath","targetInfo"],1,1],["CCPropertyOverrideInfo",["propertyPath","targetInfo","value"],2,1,8],["CCPropertyOverrideInfo",["propertyPath","targetInfo","value"],2,1,6],["CCPropertyOverrideInfo",["propertyPath","targetInfo","value"],2,1,1],["cc.MeshRenderer",["_name","node","__prefab","_materials","bakeSettings","_mesh"],2,1,4,3,4,6],["cc.SkeletalAnimation",["node","__prefab"],3,1,4],["cc.SkinnedMeshRenderer",["_shadowCastingMode","_materials","node","__prefab","bakeSettings","_skinningRoot","_mesh","_skeleton"],1,1,4,4,1,6,6],["cc.Mesh",["_native","_hash","_struct"],1,11],["cc.Skeleton",["_name","_hash","_joints","_bindposes"],0,12]],[[8,0,1,2,3,4,5,5],[0,0,4,5,3,6,7,8,2],[0,0,4,3,6,2],[1,0,1,2,3,4,5,6,2],[0,0,4,5,3,6,2],[11,0,2],[13,0,2],[0,0,4,3,6,7,8,2],[5,0,1,2,3,4,5,2],[15,0,1,2,2],[4,0,2],[0,0,4,3,7,8,2],[0,0,4,9,3,2],[1,0,1,2,3,4,2],[16,0,1,2,2],[17,0,1,2,2],[2,0,1,3],[20,0,1,2,3,4,5,6,7,3],[21,0,1,2,3],[22,0,1,2,3,4],[3,0,1,2,3,4],[0,0,5,3,6,2],[0,1,2,3,3],[0,0,4,5,3,10,2],[0,0,4,9,3,7,10,8,2],[0,0,5,9,3,2],[0,0,4,5,3,2],[0,0,5,3,6,7,8,2],[6,0,1,2,3,4,5,4],[7,0,1,2,3,4,5,4],[9,0,1,2,3,4,2],[10,0,1,1],[12,0,1,2,1],[14,0,1,2,3],[18,0,1,2,3,4,5,2],[2,1],[19,0,1,1]],[[[[20,"Cat12",[{"rasterizerState":{},"depthStencilState":{},"blendState":{"targets":[{}]}},{"rasterizerState":{},"depthStencilState":{},"blendState":{"targets":[{}]}},{"rasterizerState":{},"depthStencilState":{},"blendState":{"targets":[{}]}}],[{"USE_TEXTURE":true},{},{}],[[[{},"mainTexture",6,0],{},{}],11,0,0]]],0,0,[0,0],[8,9],[0,1]],[[[10,"011"],[21,"011",[-3,-4],[28,"4drnOZBk9FvqE77exqeEHW",null,null,-2,0,[-1]],[1,34.623,0,0]],[22,0,{},[29,"f6sk06gmtXOatk/6m1+3Da",null,null,-17,[30,"dcLUrUHWRHk5eh+QL0N7KX",1,[[31,[5,["f6sk06gmtXOatk/6m1+3Da"]],[[32,-16,[6,"fc2TmkjeZCVZ7AxuwdbRdk"],1]]]],[[33,"Cat",["_name"],-5],[9,["_lpos"],-6,[1,0,0,0]],[9,["_lrot"],-7,[3,0,0,0,1]],[9,["_euler"],-8,[1,0,0,0]],[9,["_lscale"],-9,[1,3,3,3]],[14,["_materials","0"],-10,2],[15,["_skinningRoot"],-12,-11],[14,["_materials","0"],-13,3],[15,["_skinningRoot"],-15,-14]],[[5,["dat5kQZAxVA61/YVidw3Jr"]]]],0]],[5,["f6sk06gmtXOatk/6m1+3Da"]],[23,"Main",1,[2],[0,"16oRB3x/JPUbSA0PEcbNXX",null,null,null,1,0],[1,1.5,1.5,1.5]],[5,["aeU5ubNJBT5bOZe0oMZaQI"]],[5,["e5DSY6X+5fHIVjEaaZpHGm"]],[24,"Shadow",1,[[34,"Quad<ModelComponent>",-18,[6,"d7Uds1NTpJXps4Bi0HXo3h"],[4],[35],5]],[0,"c6HHHsBWlBQZm4JoJtSHZc",null,null,null,1,0],[3,-0.7071067811865475,0,0,0.7071067811865476],[1,3,3,1],[1,-89.99999999999999,0,0]]],0,[0,-1,2,0,4,1,0,-1,4,0,-2,7,0,1,3,0,1,3,0,1,3,0,1,3,0,1,3,0,1,5,0,3,2,0,1,5,0,1,6,0,3,2,0,1,6,0,2,2,0,4,2,0,2,7,0,6,1,2,0,4,18],[0,0,0,0,0,0],[10,11,3,3,-1,5],[2,3,4,5,6,7]],[[[10,"Cat"],[25,"Cat",[-3,-4],[[36,-2,[6,"dat5kQZAxVA61/YVidw3Jr"]]],[0,"f6sk06gmtXOatk/6m1+3Da",null,null,null,-1,0]],[8,"Wrist_R",[[-5,-6,-7,-8,[7,"WeaponR_locator",-9,[0,"a4i2j2eKtYr5gTdr49+9wr",null,null,null,1,0],[1,-0.007999931462109089,0.00003293603003839962,3.964046513260655e-8],[3,0.0014577744355978705,0.7071456938361533,0.7070648699375044,0.0014533695126324052],[1,-89.9934516563789,-179.9996565548088,0.23588572217678955]]],1,1,1,1,4],[0,"1f6RnhzUNckoa0SwiQ/cb/",null,null,null,1,0],[1,0.06497275084257126,-2.3314682789209348e-17,-2.309263806517031e-15],[3,0.000004195062555160379,-0.000001910611014600491,-0.008299176686724984,0.9999655612295223],[1,0.00047895115897933396,-0.0002149723979439785,-0.9510265134901952]],[8,"Wrist_L",[[-10,-11,-12,-13,[7,"WeaponL_locator",-14,[0,"6fq3AllvZeSZN4nj+qekkQ",null,null,null,1,0],[1,0.007999931462109089,-0.00003293603003839962,-3.964046513260655e-8],[3,-0.0014533695126324052,-0.7070648699375044,0.7071456938361533,0.0014577744355978705],[1,90.0065483436211,-179.9996565548088,0.23588572217678955]]],1,1,1,1,4],[0,"49nGnMsbRS6Lx1og/f23Mv",null,null,null,1,0],[1,-0.06497275084257126,-7.494005548568705e-17,2.451372429902016e-15],[3,0.000004195062555160379,-0.000001910611014600491,-0.008299176686724984,0.9999655612295223],[1,0.00047895115897933396,-0.0002149723979439785,-0.9510265134901952]],[1,"Root_M",1,[-15,-16,-17,-18],[0,"f4K3tooFFTcpKTCsyxjrl9",null,null,null,1,0],[1,-1.884683669612005e-18,0.09828510135412216,-0.0017717208247631788],[3,0.5359626471428789,0.46124184639687443,0.5359626471428789,0.46124184639687443],[1,180,-90,81.4296392952429]],[8,"Chest_M",[[-19,-20,-21,[11,"Accessories_locator",-22,[0,"43+95jqJ9ZcK8kYE7p+NFK",null,null,null,1,0],[3,0.5143648285825436,0.4852100814258196,0.5143648285825436,-0.4852100814258196],[1,-93.34136140288516,-90,0]]],1,1,1,4],[0,"511J3eU05YF7ke5vxF0DYQ",null,null,null,1,0],[1,0.0395100973546505,1.4432898790731443e-17,-6.057239725704827e-18],[3,5.683633979537779e-33,-1.680369479864268e-18,0.02744251744394275,0.9996233831980618],[1,5.292196756441867e-18,-1.927739915636369e-16,3.145075696868571]],[26,"Mesh",1,[-23,-24],[0,"7afy4ln4pfmp2Q4F4jceVc",null,null,null,1,0]],[1,"Cup_R",2,[-25,-26],[0,"c196rHX21aXJOrI6xj7HVl",null,null,null,1,0],[1,0.002032302087172866,-0.0010161048267036676,-0.000011398720744182356],[3,-0.0001632717450488216,0.01520813147853818,-0.01073395822421763,0.999826719096919],[1,-5.976587064131431e-10,1.7428911212389269,-1.2301869221075212]],[8,"Head_M",[[-27,[11,"Head_Accessories_locator",-28,[0,"59t1a11d5esKj0VOF4Y/ZD",null,null,null,1,0],[3,0.5,0.5,0.5,-0.5],[1,-90,-90,0]]],1,4],[0,"61+NJ8s3tQQoBjXPvAnYdJ",null,null,null,1,0],[1,0.012421360239386559,1.554312241092664e-17,-1.0821534115443331e-17],[3,1.1716717988878898e-16,1.0800531438466457e-16,-0.0569724279412051,0.9983757521366814],[1,1.4201875692350926e-14,1.3207064243840946e-14,-6.5320963035436534]],[27,"Ear_root",[-29,-30],[0,"d4YAreBINYu7UYeDefgOeE",null,null,null,1,0],[1,-0.0002208924706792459,-0.009092315100133419,3.337804532362699e-16],[3,0.5,0.5,0.5,-0.5],[1,-90,-90,0]],[1,"Cup_L",3,[-31,-32],[0,"89hLntmelV9qO86hEOAuTD",null,null,null,1,0],[1,-0.002032302087172866,0.0010161048267036676,0.000011398720744182356],[3,-0.0001632717450488216,0.01520813147853818,-0.01073395822421763,0.999826719096919],[1,-5.976587064131431e-10,1.7428911212389269,-1.2301869221075212]],[12,"Face01",6,[[17,1,[null],-33,[6,"e5DSY6X+5fHIVjEaaZpHGm"],[16,true,true],1,0,1]],[0,"f78gcLnGFcvozrOm9j3dPf",null,null,null,1,0]],[12,"Cat",6,[[17,1,[null],-34,[6,"aeU5ubNJBT5bOZe0oMZaQI"],[16,true,true],1,2,3]],[0,"36qIVPXlZdBKzJJzVF7x9w",null,null,null,1,0]],[1,"Hip_R",4,[-35],[0,"add7NdeZFQdrk/7lSYI34g",null,null,null,1,0],[1,-0.0021486333571374416,-0.00021750257292296737,-0.05283629521727562],[3,0.1196069452841893,0.9926860014128609,-0.006822034907440289,0.014904397956718154],[1,1.0091755202628963,178.1581712790397,13.724934065358944]],[1,"Knee_R",13,[-36],[0,"05UhQZBBJaRL7P3H4uVe8e",null,null,null,1,0],[1,0.049741245806217194,6.661338412448735e-17,2.4868995857482625e-16],[3,-5.658362114818944e-17,1.5811292843677162e-16,-0.0821994996999933,0.9966158950413498],[1,-5.040858539594781e-15,1.7764166726454213e-14,-9.430008603220696]],[1,"Ankle_R",14,[-37],[0,"79rmgVo2hX9ZfIYrH/3Ki7",null,null,null,1,0],[1,0.03830179572105408,-1.7902345742685057e-16,1.1546319032585154e-16],[3,-0.01298278265848058,0.014627565348892757,0.037248770922404265,0.999114613420891],[1,-1.553290777592768,1.7351556112555453,4.246741201783791]],[3,"Toes_R",15,[[2,"ToesEnd_R",-38,[0,"85/eRXVZRU7YLALoeXlp8Z",null,null,null,1,0],[1,0.006269009783864021,-2.83439945810099e-15,1.6203484776156074e-8]]],[0,"26VzpNsd1cuZhPJ8ZRlf0F",null,null,null,1,0],[1,0.00666117062792182,0.013424175791442394,-9.769962563761818e-17],[3,0.004559328299430877,-0.003982278040064826,0.6578248122295485,0.7531466460140608],[1,5.143921211794904,-5.097056277154171,82.23933916251363]],[1,"Spine1_M",4,[5],[0,"6aXHU/3D9V2bjDh02PHgI4",null,null,null,1,0],[1,0.05170457065105438,4.440891999238953e-18,1.4505087669969558e-18],[3,2.773519251508283e-32,4.4707321054225565e-18,-0.07301259751882502,0.9973310185708424],[1,3.7808046885653935e-17,5.164470131461643e-16,-8.374078791611733]],[1,"Scapula_R",5,[-39],[0,"5b/F9X2vRbNZoN7r0R62qG",null,null,null,1,0],[1,0.007310548797249794,0.0018670100253075361,-0.04527267441153526],[3,0.020564576269661627,0.7068679215431157,-0.020753360940338823,0.7067419173261515],[1,3.348407082557939,90.01065248870563,-0.014992107435265944]],[1,"Shoulder_R",18,[-40],[0,"76reAYkmRUfaiZLb42+oFT",null,null,null,1,0],[1,0.01261230744421482,6.51811927593034e-15,-3.55271373174006e-16],[3,5.045073933092812e-15,-0.00008646290387378688,-0.010618735124961462,0.9999436159046731],[1,-0.0001052332981161718,-0.009909595116200232,-1.2168402770214517]],[1,"Elbow_R",19,[2],[0,"5adcHyAKtQcqaBZLAbleWC",null,null,null,1,0],[1,0.06365488469600677,-1.53210776868876e-16,1.0658140798173486e-16],[3,-0.000007637966490071012,1.6128234331760258e-7,0.021111166025228795,0.9997771344708233],[1,-0.0008762226258052113,0.00003698791982311648,2.419341159375433]],[1,"MiddleFinger1_R",2,[-41],[0,"03FH8HAzxbz50PpI7mURzV",null,null,null,1,0],[1,0.00963249709457159,-3.6637361268468044e-17,5.684341759025859e-16],[3,-0.00021659149320446837,0.04166428394232463,-0.009307205726107083,0.999088292621463],[1,0.019642568097428557,4.776147586177523,-1.0666505542608264]],[1,"MiddleFinger2_R",21,[-42],[0,"24CFA3T6JeNLuW4dPSo+HZ",null,null,null,1,0],[1,0.003106409450992942,5.258926432348543e-13,-9.13047442556783e-14],[3,0.00031951297769661376,-0.02198937040354353,-0.00001541402934181339,0.999758153386668],[1,0.036565797700570675,-2.519998656489812,-0.002570998074801244]],[3,"MiddleFinger3_R",22,[[2,"MiddleFinger4_R",-43,[0,"9dHWdyntVUCorf7awuPs0I",null,null,null,1,0],[1,0.0020934604108333588,4.440891999238953e-18,6.750155905017657e-16]]],[0,"4dLDRQR2xaCYEbB8zvOuJG",null,null,null,1,0],[1,0.001712701516225934,4.440891999238953e-18,-4.973799171496525e-16],[3,0.00046585007062023413,-0.032032600625213764,0.000002713145627461482,0.9994867160065389],[1,0.05336505227133615,-3.671293419585473,-0.0013992358447470765]],[1,"ThumbFinger1_R",2,[-44],[0,"58Oen44UZbha5qMVoIUHZ/",null,null,null,1,0],[1,0.0020461739040911198,0.001440146705135703,-0.0010091870790347457],[3,-0.4595940034718335,0.0002875035230418283,0.3594819842091024,0.8121243576839348],[1,-66.8612629553032,24.04778305689593,35.70583290960444]],[4,"ThumbFinger2_R",24,[-45],[0,"20smjaC+VciIenfq7ofO9m",null,null,null,1,0],[1,0.0035088250879198313,1.5417889187574474e-11,2.020622731635502e-11]],[13,"ThumbFinger3_R",25,[[2,"ThumbFinger4_R",-46,[0,"24qL19FnpYn4arXXU92wtk",null,null,null,1,0],[1,0.002032894641160965,-3.692099737051535e-9,-2.3594028952800272e-9]]],[0,"6bUOBdg5hQyZtgBo69DTj1",null,null,null,1,0],[1,0.00168685894459486,-3.552713599391162e-17,1.8651746231367479e-16]],[1,"IndexFinger1_R",2,[-47],[0,"0bLuwXXFRTVKJyO9MJEEAr",null,null,null,1,0],[1,0.008618577383458614,0.002361142076551914,-0.00017444365948904306],[3,0.004034708704244328,0.028509898002007858,0.1359893972432549,0.9902917704792882],[1,0.014100508123951807,3.2961739604203215,15.63858695994511]],[4,"IndexFinger2_R",27,[-48],[0,"cbsr24wHRelr8hhYEen3tP",null,null,null,1,0],[1,0.002638583304360509,2.145350547601635e-13,1.0191313938590074e-12]],[3,"IndexFinger3_R",28,[[2,"IndexFinger4_R",-49,[0,"59heket0NZhrcV1/90TAaZ",null,null,null,1,0],[1,0.001854782341979444,-2.6645351995433716e-17,-1.77635686587003e-16]]],[0,"78TbD2RDBevpPunVASLXnx",null,null,null,1,0],[1,0.0017551941564306617,-1.2434497928741312e-16,-2.8421708795129297e-16],[3,-0.01428008620076934,-0.0502441146510656,-0.0001426772196242672,0.9986348620613241],[1,-1.635187979792072,-5.759624271284689,0.06589105967800443]],[1,"PinkyFinger1_R",7,[-50],[0,"67DrmFPN5ZppYLF+3tjhHS",null,null,null,1,0],[1,0.006275424268096685,-0.00269325845874846,-0.0005387960118241608],[3,-0.011847712995919486,0.06329113226337092,-0.1675158883159224,0.9837643475117984],[1,-0.1278881127592462,7.340391904149508,-19.33507051293506]],[1,"PinkyFinger2_R",30,[-51],[0,"c8vGh/OP5ZY4PLhAsGilTH",null,null,null,1,0],[1,0.002327322494238615,-1.332267682489747e-16,-1.1368683518051719e-15],[3,0.0023266040375207937,-0.006276635145663648,-0.00028591755101347894,0.9999775542561218],[1,0.2663985615813659,-0.7191760488492233,-0.03443641316418282]],[3,"PinkyFinger3_R",31,[[2,"PinkyFinger4_R",-52,[0,"2enL7PNOVf2rb2gO9rw8mW",null,null,null,1,0],[1,0.0017792340368032455,1.776356799695581e-17,4.2632563192693945e-16]]],[0,"31kYrYGw5QlJ7/dKGIRQGl",null,null,null,1,0],[1,0.0014230168890208006,8.881783998477905e-18,-3.55271373174006e-16],[3,0.01870554074383286,-0.050229279779555325,-0.001229067647848209,0.9985617715449681],[1,2.1338531904578395,-5.7546630889732135,-0.24830530830204747]],[1,"RingFinger1_R",7,[-53],[0,"ec3R54hnZasKHpxl1aXr1a",null,null,null,1,0],[1,0.006915432401001453,-0.0011789575219154358,-0.00024254956224467605],[3,-0.00018762646014289016,0.003381759203841554,-0.05652470958098585,0.998395455572482],[1,0.00044142589898239006,0.38816736064942536,-6.480744473225493]],[1,"RingFinger2_R",33,[-54],[0,"edCNObsMRb07umFNdt3VZz",null,null,null,1,0],[1,0.0028952411375939846,1.1546319032585154e-16,-1.7408297364935633e-15],[3,-0.00247148498925247,0.018848250046346847,0.00008488919572378013,0.9998192976863183],[1,-0.28334464478796106,2.1599957165745463,0.004387789751435914]],[3,"RingFinger3_R",34,[[2,"RingFinger4_R",-55,[0,"01saVj6y1bib5UTOjCsD/L",null,null,null,1,0],[1,0.0019369354704394937,-3.996803047469241e-17,-3.55271373174006e-16]]],[0,"a9bE77nVRcybfGdU9t3Iub",null,null,null,1,0],[1,0.0017506027361378074,-1.1546319032585154e-16,1.7408297364935633e-15],[3,0.004941812810161913,-0.0376901074942516,-0.0000765250966614907,0.9992772530319755],[1,0.5655595026373957,-4.319895579261194,-0.03010632592115244]],[1,"Neck_M",5,[8],[0,"3fU84wh7hXOYt9qB2kzzb1",null,null,null,1,0],[1,0.027630219236016273,9.992007618673103e-18,3.6773220720996203e-17],[3,9.554088062240315e-18,1.0890568380220949e-16,0.027840842800658534,0.9996123686070262],[1,7.4810860810268105e-16,1.2463675431418764e-14,3.1907378685064383]],[4,"HeadEnd_M",8,[9],[0,"2fTvt4EWRX3YK1+0N/MJHv",null,null,null,1,0],[1,0.26641717553138733,1.2656542321908107e-16,-3.063508529564359e-16]],[1,"ear6",9,[-56],[0,"98H2jIyYJQurVgD9ZnoXis",null,null,null,1,0],[1,-0.08861470222473145,0.015499570406973362,-0.004322289954870939],[3,1,3.43719779130298e-32,0,-5.053215392444312e-16],[1,-179.99999999999994,-1.9903294196256608e-45,3.938738535866982e-30]],[1,"ear7",38,[-57],[0,"33wqmejEpborI6CIx/4Bsj",null,null,null,1,0],[1,-0.033100299537181854,-0.06239499896764755,0.02340310998260975],[3,-1.5393146628128884e-15,2.5519008307396638e-15,0.5198115685175223,0.8542809451435477],[1,-6.586176050007489e-13,7.430615754594072e-13,62.639225471607915]],[1,"ear8",39,[-58],[0,"8fPEss30RYPIEdbYPUvaej",null,null,null,1,0],[1,-0.06475198268890381,-0.00048696243902668357,0.0023872999008744955],[3,-1.5939641549992237e-17,2.2034236773750677e-15,0.0017538720481164551,0.9999984619652368],[1,-2.2694012660392035e-15,2.524981229759111e-13,0.20097903536366868]],[3,"ear9",40,[[2,"ear10",-59,[0,"bexoQLyVJTmo+DXdsY8luD",null,null,null,1,0],[1,-0.014229999855160713,-0.025225000455975533,-0.017865799367427826]]],[0,"0a3HEL3gVVVIMub9fYaWX+",null,null,null,1,0],[1,-0.07179836928844452,-0.00011247047950746492,-0.012246900238096714],[3,-2.031768644278179e-15,3.509855559394051e-15,-0.5213090857094965,0.8533679377365481],[1,2.406771758344102e-14,4.860113932288304e-13,-62.84020681786437]],[4,"ear1",9,[-60],[0,"bfDH0PDbpYQ4yUaWNOJsUm",null,null,null,1,0],[1,0.08861467987298965,0.015499246306717396,-0.004322288557887077]],[1,"ear2",42,[-61],[0,"11HD0pbTdWSpBtP5kzaeNY",null,null,null,1,0],[1,0.03310003876686096,0.0623948834836483,-0.023403093218803406],[3,1.15719544373861e-15,-2.263647896671913e-15,0.5198115685175223,0.8542809451435477],[1,5.398665403846524e-13,-6.321384291471765e-13,62.639225471607915]],[1,"ear3",43,[-62],[0,"cbTybjBfRehpkNbhCAt2wJ",null,null,null,1,0],[1,0.06475252658128738,0.0004871580458711833,-0.0023873555473983288],[3,-4.673254532542352e-18,-2.664531266831639e-15,0.0017538720481164551,0.9999984619652368],[1,-4.981166257998341e-23,-3.053332615532824e-13,0.20097903536366868]],[3,"ear4",44,[[2,"ear5",-63,[0,"e3qHKmDgZdW72H1WyBY1nL",null,null,null,1,0],[1,0.014229772612452507,0.025225823745131493,0.017865806818008423]]],[0,"37I8jezgdfGos6pPtUgvVU",null,null,null,1,0],[1,0.07179820537567139,0.00011177748092450202,0.012246929109096527],[3,9.260309598415555e-16,-1.5158859727232043e-15,-0.5213090857094965,0.8533679377365481],[1,0,-2.0355549961366512e-13,-62.84020681786437]],[1,"Scapula_L",5,[-64],[0,"d2aHIevRVcZJjREbl5IAgl",null,null,null,1,0],[1,0.007310548797249794,0.0018670100253075361,0.04527267441153526],[3,0.7068679215431157,-0.020564576269661627,-0.7067419173261515,-0.020753360940338823],[1,-176.65159291744206,89.98934751129437,0.014992107435265944]],[1,"Shoulder_L",46,[-65],[0,"e3DWXb7FxZoYHwhY74dwL8",null,null,null,1,0],[1,-0.01261230744421482,-1.4579449572529185e-14,7.105427198782324e-17],[3,5.534195819918953e-14,-0.00008646290387378688,-0.010618735124961462,0.9999436159046731],[1,-0.00010523329235159839,-0.009909595116139015,-1.2168402770214524]],[1,"Elbow_L",47,[3],[0,"ac0Xn/l2RQ26AfpjgBF6oU",null,null,null,1,0],[1,-0.06365488469600677,2.6645351995433716e-17,3.552713599391162e-17],[3,-0.000007637966490071012,1.6128234331760258e-7,0.021111166025228795,0.9997771344708233],[1,-0.0008762226258052113,0.00003698791982311648,2.419341159375433]],[1,"MiddleFinger1_L",3,[-66],[0,"b3AmtQpFJZfKiHX1Qs2OPk",null,null,null,1,0],[1,-0.00963249709457159,-2.2204459996194763e-18,-7.460698492546991e-16],[3,-0.00021659149320446837,0.04166428394232463,-0.009307205726107083,0.999088292621463],[1,0.019642568097428557,4.776147586177523,-1.0666505542608264]],[1,"MiddleFinger2_L",49,[-67],[0,"dcHCdWoQVTKrAWKkbCPrmz",null,null,null,1,0],[1,-0.003106409450992942,-5.258749165293342e-13,9.11981604058594e-14],[3,0.0003195129776966138,-0.021989370403543533,-0.000015414027522823937,0.9997581533866682],[1,0.03656579770515416,-2.519998656489879,-0.0025709978664108174]],[3,"MiddleFinger3_L",50,[[2,"MiddleFinger4_L",-68,[0,"cdpW9C3xxZg72jUv6JB1zH",null,null,null,1,0],[1,-0.0020934604108333588,-1.554312241092664e-17,-7.815970051009455e-16]]],[0,"7fIfyw8I9WwprH9VjvhsxI",null,null,null,1,0],[1,-0.001712701516225934,4.440891999238953e-18,8.526512638538789e-16],[3,0.00046585007062023413,-0.032032600625213764,0.0000027131433537247925,0.9994867160065389],[1,0.053365052262990036,-3.671293419585352,-0.001399236105164372]],[1,"ThumbFinger1_L",3,[-69],[0,"76HXwTqbNUH4ci+zmL098V",null,null,null,1,0],[1,-0.0020461739040911198,-0.001440146705135703,0.0010091870790347457],[3,-0.4595940034718335,0.0002875035230418283,0.3594819842091024,0.8121243576839348],[1,-66.8612629553032,24.04778305689593,35.70583290960444]],[4,"ThumbFinger2_L",52,[-70],[0,"06cJpYSsRTRpIgivmLlwyK",null,null,null,1,0],[1,-0.0035088250879198313,-1.5418173682224534e-11,-2.0205996598132714e-11]],[13,"ThumbFinger3_L",53,[[2,"ThumbFinger4_L",-71,[0,"aaY4HVdOFeAL3+lVbqcHZq",null,null,null,1,0],[1,-0.002032894641160965,3.6920995150069302e-9,2.3594028952800272e-9]]],[0,"e7LaMTOk9fIbbjPSwFtq91",null,null,null,1,0],[1,-0.00168685894459486,-1.0658140798173486e-16,-2.1316281596346973e-16]],[1,"IndexFinger1_L",3,[-72],[0,"baDrPkbT9b4KxpIjQ5IIL6",null,null,null,1,0],[1,-0.008618577383458614,-0.002361142076551914,0.00017444365948904306],[3,0.004034708704244328,0.028509898002007858,0.1359893972432549,0.9902917704792882],[1,0.014100508123951807,3.2961739604203215,15.63858695994511]],[4,"IndexFinger2_L",55,[-73],[0,"48FcjjpmdXcr7l6TYl0QDr",null,null,null,1,0],[1,-0.002638583304360509,-2.1444624504970977e-13,-1.0187050855647861e-12]],[3,"IndexFinger3_L",56,[[2,"IndexFinger4_L",-74,[0,"5e5GDW0mtcK4NDjsjH2dcX",null,null,null,1,0],[1,-0.001854782341979444,1.776356799695581e-17,7.105427198782324e-17]]],[0,"f381F53mxTKL9FZ5nJMXlf",null,null,null,1,0],[1,-0.0017551941564306617,1.4654944507387218e-16,3.9079850255047273e-16],[3,-0.01428008620076934,-0.0502441146510656,-0.0001426772196242672,0.9986348620613241],[1,-1.635187979792072,-5.759624271284689,0.06589105967800443]],[1,"PinkyFinger1_L",10,[-75],[0,"7eTIro8v9UZZo+mBTsDXk5",null,null,null,1,0],[1,-0.006275424268096685,0.00269325845874846,0.0005387960118241608],[3,-0.011847712995919486,0.06329113226337092,-0.1675158883159224,0.9837643475117984],[1,-0.1278881127592462,7.340391904149508,-19.33507051293506]],[1,"PinkyFinger2_L",58,[-76],[0,"49w3A0TShaO7A8sIcI+Kiw",null,null,null,1,0],[1,-0.002327322494238615,1.5099033293720807e-16,8.526512638538789e-16],[3,0.0023266040375207937,-0.006276635145663648,-0.00028591755101347894,0.9999775542561218],[1,0.2663985615813659,-0.7191760488492233,-0.03443641316418282]],[3,"PinkyFinger3_L",59,[[2,"PinkyFinger4_L",-77,[0,"88CGUXIFpVGbAlCz47K8jb",null,null,null,1,0],[1,-0.0017792340368032455,3.552713599391162e-17,-7.815970051009455e-16]]],[0,"5c5xIA7uxW5IGqXhrBWniL",null,null,null,1,0],[1,-0.0014230168890208006,1.332267682489747e-16,6.394884875950786e-16],[3,0.01870554074383286,-0.050229279779555325,-0.001229067647848209,0.9985617715449681],[1,2.1338531904578395,-5.7546630889732135,-0.24830530830204747]],[1,"RingFinger1_L",10,[-78],[0,"e3qKq8EJ9TFLRlrDUX2W6S",null,null,null,1,0],[1,-0.006915432401001453,0.0011789575219154358,0.00024254956224467605],[3,-0.00018762646014289016,0.003381759203841554,-0.05652470958098585,0.998395455572482],[1,0.00044142589898239006,0.38816736064942536,-6.480744473225493]],[1,"RingFinger2_L",61,[-79],[0,"ad0RlCux9Z040n8girHMI/",null,null,null,1,0],[1,-0.0028952411375939846,-1.6431300976210554e-16,1.882938148120312e-15],[3,-0.00247148498925247,0.018848250046346847,0.00008488919572378013,0.9998192976863183],[1,-0.28334464478796106,2.1599957165745463,0.004387789751435914]],[3,"RingFinger3_L",62,[[2,"RingFinger4_L",-80,[0,"806GSHcB5ZvbduNdLMO2iE",null,null,null,1,0],[1,-0.0019369354704394937,-3.108624482185328e-17,1.1368683518051719e-15]]],[0,"bapTOr31NdKrP6VbHvILWE",null,null,null,1,0],[1,-0.0017506027361378074,1.4210854397564648e-16,-1.9184654627852358e-15],[3,0.004941812810161913,-0.0376901074942516,-0.0000765250966614907,0.9992772530319755],[1,0.5655595026373957,-4.319895579261194,-0.03010632592115244]],[1,"Hip_L",4,[-81],[0,"04dsjwK1hViIUEPcIEPPTN",null,null,null,1,0],[1,-0.0021486333571374416,-0.00021750257292296737,0.05283629521727562],[3,0.9926860014128609,-0.1196069452841893,-0.014904397956718154,-0.006822034907440289],[1,-178.9908244797371,1.8418287209603168,-13.724934065358944]],[1,"Knee_L",64,[-82],[0,"c6U+KkI5BcPKFqFxYTVeog",null,null,null,1,0],[1,-0.049741245806217194,-5.4400929265423855e-17,-2.0428104023679795e-16],[3,2.6617303847443456e-16,1.9877801442832876e-16,-0.0821994996999933,0.9966158950413498],[1,3.271238702407733e-14,2.555370082651824e-14,-9.430008603220696]],[1,"Ankle_L",65,[-83],[0,"7dUO/OuEBdgLycYFn17x6G",null,null,null,1,0],[1,-0.03830179572105408,-1.8041123488414304e-17,0],[3,-0.01298278265848058,0.014627565348892757,0.037248770922404265,0.999114613420891],[1,-1.553290777592768,1.7351556112555453,4.246741201783791]],[3,"Toes_L",66,[[7,"ToesEnd_L",-84,[0,"f3YSkJrwNXVoEvkDagcE43",null,null,null,1,0],[1,-0.006269009783864021,7.771561040027198e-17,9.769962563761818e-17],[3,8.770820869578379e-8,-0.0000012982733323940842,1.1385533629165103e-13,0.9999999999991533],[1,0.000010050620373850556,-0.00014877116520117453,-1.5919162783178747e-15]]],[0,"01nt8B15ZbX5cO48vCkXYI",null,null,null,1,0],[1,-0.00666117062792182,-0.013424175791442394,-2.6645351995433716e-17],[3,0.004560310808725531,-0.003983136222354828,0.6578248070338881,0.7531466400655253],[1,5.145023883461449,-5.098148851277488,82.23932587983506]],[1,"Tail_root",4,[-85],[0,"1a5tuRP1dbn5cQIDvg5wUJ",null,null,null,1,0],[1,0.002173712244257331,-0.07621278613805771,-4.419003311305697e-17],[3,6.701425663216694e-9,-3.2560780867477365e-9,-0.7640848190098142,0.6451157953102213],[1,179.9999987455677,179.99999793585627,-80.34871591706255]],[1,"tail1",68,[-86],[0,"f61JhbaMRQ97NGzgbQm2MX",null,null,null,1,0],[1,0.026872193440794945,0,1.3544949354477207e-17],[3,5.855620763490184e-16,-8.425362528659785e-17,0.1257151949047199,0.9920663736716754],[1,6.999429354466902e-14,-1.8601679303053534e-14,14.444118498555477]],[3,"tail",69,[[7,"tail_2",-87,[0,"8aZMh7WTtbJbGXCNehaLIi",null,null,null,1,0],[1,0.028822612017393112,-1.776356799695581e-17,-1.2576611528444863e-16],[3,-0.3245200211037783,-0.6282410014499239,-0.3245200211037783,0.6282410014499239],[1,-54.637536871468306,-90,0]]],[0,"10EjL56R9dHIaUHHuY/SBf",null,null,null,1,0],[1,0.026137255132198334,0,-3.684387518019803e-17],[3,2.7366335079133993e-16,8.497524592270834e-17,0.35244885369739026,0.9358310774532952],[1,3.448196525796228e-14,-2.5813239992638697e-15,41.274342590541615]]],0,[0,4,1,0,2,1,0,-1,6,0,-2,4,0,-1,21,0,-2,24,0,-3,27,0,-4,7,0,0,2,0,-1,49,0,-2,52,0,-3,55,0,-4,10,0,0,3,0,-1,13,0,-2,17,0,-3,64,0,-4,68,0,-1,18,0,-2,36,0,-3,46,0,0,5,0,-1,11,0,-2,12,0,-1,30,0,-2,33,0,-1,37,0,0,8,0,-1,38,0,-2,42,0,-1,58,0,-2,61,0,2,11,0,2,12,0,-1,14,0,-1,15,0,-1,16,0,0,16,0,-1,19,0,-1,20,0,-1,22,0,-1,23,0,0,23,0,-1,25,0,-1,26,0,0,26,0,-1,28,0,-1,29,0,0,29,0,-1,31,0,-1,32,0,0,32,0,-1,34,0,-1,35,0,0,35,0,-1,39,0,-1,40,0,-1,41,0,0,41,0,-1,43,0,-1,44,0,-1,45,0,0,45,0,-1,47,0,-1,48,0,-1,50,0,-1,51,0,0,51,0,-1,53,0,-1,54,0,0,54,0,-1,56,0,-1,57,0,0,57,0,-1,59,0,-1,60,0,0,60,0,-1,62,0,-1,63,0,0,63,0,-1,65,0,-1,66,0,-1,67,0,0,67,0,-1,69,0,-1,70,0,0,70,0,6,1,2,0,20,3,0,48,5,0,17,8,0,36,9,0,37,87],[0,0,0,0],[5,7,5,7],[8,9,10,11]],[[[18,".bin",3472362439,[{"primitives":[{"primitiveMode":7,"jointMapIndex":0,"vertexBundelIndices":[0],"indexView":{"offset":6048,"length":792,"count":396,"stride":2}}],"vertexBundles":[{"view":{"offset":0,"length":6048,"count":84,"stride":72},"attributes":[{"name":"a_position","format":32,"isNormalized":false},{"name":"a_normal","format":32,"isNormalized":false},{"name":"a_texCoord","format":21,"isNormalized":false},{"name":"a_tangent","format":44,"isNormalized":false},{"name":"a_joints","format":42,"isNormalized":false},{"name":"a_weights","format":44,"isNormalized":false}]}],"jointMaps":[[0,7,9,33,34,36,37,42,48]]},"minPosition",8,[1,-0.17234498262405396,0.21547359228134155,0.03968369960784912],"maxPosition",8,[1,0.17234498262405396,0.5244821310043335,0.17053456604480743]]],-1],0,0,[],[],[]],[[[19,"Skin-0",2387644937,["Root_M","Root_M/Hip_R","Root_M/Hip_R/Knee_R","Root_M/Hip_R/Knee_R/Ankle_R","Root_M/Hip_R/Knee_R/Ankle_R/Toes_R","Root_M/Hip_R/Knee_R/Ankle_R/Toes_R/ToesEnd_R","Root_M/Spine1_M","Root_M/Spine1_M/Chest_M","Root_M/Spine1_M/Chest_M/Scapula_R","Root_M/Spine1_M/Chest_M/Scapula_R/Shoulder_R","Root_M/Spine1_M/Chest_M/Scapula_R/Shoulder_R/Elbow_R","Root_M/Spine1_M/Chest_M/Scapula_R/Shoulder_R/Elbow_R/Wrist_R","Root_M/Spine1_M/Chest_M/Scapula_R/Shoulder_R/Elbow_R/Wrist_R/MiddleFinger1_R","Root_M/Spine1_M/Chest_M/Scapula_R/Shoulder_R/Elbow_R/Wrist_R/MiddleFinger1_R/MiddleFinger2_R","Root_M/Spine1_M/Chest_M/Scapula_R/Shoulder_R/Elbow_R/Wrist_R/MiddleFinger1_R/MiddleFinger2_R/MiddleFinger3_R","Root_M/Spine1_M/Chest_M/Scapula_R/Shoulder_R/Elbow_R/Wrist_R/MiddleFinger1_R/MiddleFinger2_R/MiddleFinger3_R/MiddleFinger4_R","Root_M/Spine1_M/Chest_M/Scapula_R/Shoulder_R/Elbow_R/Wrist_R/ThumbFinger1_R","Root_M/Spine1_M/Chest_M/Scapula_R/Shoulder_R/Elbow_R/Wrist_R/ThumbFinger1_R/ThumbFinger2_R","Root_M/Spine1_M/Chest_M/Scapula_R/Shoulder_R/Elbow_R/Wrist_R/ThumbFinger1_R/ThumbFinger2_R/ThumbFinger3_R","Root_M/Spine1_M/Chest_M/Scapula_R/Shoulder_R/Elbow_R/Wrist_R/ThumbFinger1_R/ThumbFinger2_R/ThumbFinger3_R/ThumbFinger4_R","Root_M/Spine1_M/Chest_M/Scapula_R/Shoulder_R/Elbow_R/Wrist_R/IndexFinger1_R","Root_M/Spine1_M/Chest_M/Scapula_R/Shoulder_R/Elbow_R/Wrist_R/IndexFinger1_R/IndexFinger2_R","Root_M/Spine1_M/Chest_M/Scapula_R/Shoulder_R/Elbow_R/Wrist_R/IndexFinger1_R/IndexFinger2_R/IndexFinger3_R","Root_M/Spine1_M/Chest_M/Scapula_R/Shoulder_R/Elbow_R/Wrist_R/IndexFinger1_R/IndexFinger2_R/IndexFinger3_R/IndexFinger4_R","Root_M/Spine1_M/Chest_M/Scapula_R/Shoulder_R/Elbow_R/Wrist_R/Cup_R","Root_M/Spine1_M/Chest_M/Scapula_R/Shoulder_R/Elbow_R/Wrist_R/Cup_R/PinkyFinger1_R","Root_M/Spine1_M/Chest_M/Scapula_R/Shoulder_R/Elbow_R/Wrist_R/Cup_R/PinkyFinger1_R/PinkyFinger2_R","Root_M/Spine1_M/Chest_M/Scapula_R/Shoulder_R/Elbow_R/Wrist_R/Cup_R/PinkyFinger1_R/PinkyFinger2_R/PinkyFinger3_R","Root_M/Spine1_M/Chest_M/Scapula_R/Shoulder_R/Elbow_R/Wrist_R/Cup_R/PinkyFinger1_R/PinkyFinger2_R/PinkyFinger3_R/PinkyFinger4_R","Root_M/Spine1_M/Chest_M/Scapula_R/Shoulder_R/Elbow_R/Wrist_R/Cup_R/RingFinger1_R","Root_M/Spine1_M/Chest_M/Scapula_R/Shoulder_R/Elbow_R/Wrist_R/Cup_R/RingFinger1_R/RingFinger2_R","Root_M/Spine1_M/Chest_M/Scapula_R/Shoulder_R/Elbow_R/Wrist_R/Cup_R/RingFinger1_R/RingFinger2_R/RingFinger3_R","Root_M/Spine1_M/Chest_M/Scapula_R/Shoulder_R/Elbow_R/Wrist_R/Cup_R/RingFinger1_R/RingFinger2_R/RingFinger3_R/RingFinger4_R","Root_M/Spine1_M/Chest_M/Neck_M","Root_M/Spine1_M/Chest_M/Neck_M/Head_M","Root_M/Spine1_M/Chest_M/Neck_M/Head_M/HeadEnd_M","Root_M/Spine1_M/Chest_M/Neck_M/Head_M/HeadEnd_M/Ear_root","Root_M/Spine1_M/Chest_M/Neck_M/Head_M/HeadEnd_M/Ear_root/ear6","Root_M/Spine1_M/Chest_M/Neck_M/Head_M/HeadEnd_M/Ear_root/ear6/ear7","Root_M/Spine1_M/Chest_M/Neck_M/Head_M/HeadEnd_M/Ear_root/ear6/ear7/ear8","Root_M/Spine1_M/Chest_M/Neck_M/Head_M/HeadEnd_M/Ear_root/ear6/ear7/ear8/ear9","Root_M/Spine1_M/Chest_M/Neck_M/Head_M/HeadEnd_M/Ear_root/ear6/ear7/ear8/ear9/ear10","Root_M/Spine1_M/Chest_M/Neck_M/Head_M/HeadEnd_M/Ear_root/ear1","Root_M/Spine1_M/Chest_M/Neck_M/Head_M/HeadEnd_M/Ear_root/ear1/ear2","Root_M/Spine1_M/Chest_M/Neck_M/Head_M/HeadEnd_M/Ear_root/ear1/ear2/ear3","Root_M/Spine1_M/Chest_M/Neck_M/Head_M/HeadEnd_M/Ear_root/ear1/ear2/ear3/ear4","Root_M/Spine1_M/Chest_M/Neck_M/Head_M/HeadEnd_M/Ear_root/ear1/ear2/ear3/ear4/ear5","Root_M/Spine1_M/Chest_M/Scapula_L","Root_M/Spine1_M/Chest_M/Scapula_L/Shoulder_L","Root_M/Spine1_M/Chest_M/Scapula_L/Shoulder_L/Elbow_L","Root_M/Spine1_M/Chest_M/Scapula_L/Shoulder_L/Elbow_L/Wrist_L","Root_M/Spine1_M/Chest_M/Scapula_L/Shoulder_L/Elbow_L/Wrist_L/MiddleFinger1_L","Root_M/Spine1_M/Chest_M/Scapula_L/Shoulder_L/Elbow_L/Wrist_L/MiddleFinger1_L/MiddleFinger2_L","Root_M/Spine1_M/Chest_M/Scapula_L/Shoulder_L/Elbow_L/Wrist_L/MiddleFinger1_L/MiddleFinger2_L/MiddleFinger3_L","Root_M/Spine1_M/Chest_M/Scapula_L/Shoulder_L/Elbow_L/Wrist_L/MiddleFinger1_L/MiddleFinger2_L/MiddleFinger3_L/MiddleFinger4_L","Root_M/Spine1_M/Chest_M/Scapula_L/Shoulder_L/Elbow_L/Wrist_L/ThumbFinger1_L","Root_M/Spine1_M/Chest_M/Scapula_L/Shoulder_L/Elbow_L/Wrist_L/ThumbFinger1_L/ThumbFinger2_L","Root_M/Spine1_M/Chest_M/Scapula_L/Shoulder_L/Elbow_L/Wrist_L/ThumbFinger1_L/ThumbFinger2_L/ThumbFinger3_L","Root_M/Spine1_M/Chest_M/Scapula_L/Shoulder_L/Elbow_L/Wrist_L/ThumbFinger1_L/ThumbFinger2_L/ThumbFinger3_L/ThumbFinger4_L","Root_M/Spine1_M/Chest_M/Scapula_L/Shoulder_L/Elbow_L/Wrist_L/IndexFinger1_L","Root_M/Spine1_M/Chest_M/Scapula_L/Shoulder_L/Elbow_L/Wrist_L/IndexFinger1_L/IndexFinger2_L","Root_M/Spine1_M/Chest_M/Scapula_L/Shoulder_L/Elbow_L/Wrist_L/IndexFinger1_L/IndexFinger2_L/IndexFinger3_L","Root_M/Spine1_M/Chest_M/Scapula_L/Shoulder_L/Elbow_L/Wrist_L/IndexFinger1_L/IndexFinger2_L/IndexFinger3_L/IndexFinger4_L","Root_M/Spine1_M/Chest_M/Scapula_L/Shoulder_L/Elbow_L/Wrist_L/Cup_L","Root_M/Spine1_M/Chest_M/Scapula_L/Shoulder_L/Elbow_L/Wrist_L/Cup_L/PinkyFinger1_L","Root_M/Spine1_M/Chest_M/Scapula_L/Shoulder_L/Elbow_L/Wrist_L/Cup_L/PinkyFinger1_L/PinkyFinger2_L","Root_M/Spine1_M/Chest_M/Scapula_L/Shoulder_L/Elbow_L/Wrist_L/Cup_L/PinkyFinger1_L/PinkyFinger2_L/PinkyFinger3_L","Root_M/Spine1_M/Chest_M/Scapula_L/Shoulder_L/Elbow_L/Wrist_L/Cup_L/PinkyFinger1_L/PinkyFinger2_L/PinkyFinger3_L/PinkyFinger4_L","Root_M/Spine1_M/Chest_M/Scapula_L/Shoulder_L/Elbow_L/Wrist_L/Cup_L/RingFinger1_L","Root_M/Spine1_M/Chest_M/Scapula_L/Shoulder_L/Elbow_L/Wrist_L/Cup_L/RingFinger1_L/RingFinger2_L","Root_M/Spine1_M/Chest_M/Scapula_L/Shoulder_L/Elbow_L/Wrist_L/Cup_L/RingFinger1_L/RingFinger2_L/RingFinger3_L","Root_M/Spine1_M/Chest_M/Scapula_L/Shoulder_L/Elbow_L/Wrist_L/Cup_L/RingFinger1_L/RingFinger2_L/RingFinger3_L/RingFinger4_L","Root_M/Hip_L","Root_M/Hip_L/Knee_L","Root_M/Hip_L/Knee_L/Ankle_L","Root_M/Hip_L/Knee_L/Ankle_L/Toes_L","Root_M/Hip_L/Knee_L/Ankle_L/Toes_L/ToesEnd_L","Root_M/Tail_root","Root_M/Tail_root/tail1","Root_M/Tail_root/tail1/tail","Root_M/Tail_root/tail1/tail/tail_2"],[[[7,2.801137691872175e-16,-3.2549197114959056e-16,1,0,0.9888336062431335,-0.1490238457918167,-3.2549197114959056e-16,0,0.1490238457918167,0.9888336062431335,2.801137691872175e-16,0,-0.0969235822558403,0.016398761421442032,3.433375921545892e-17,1],[7,-0.031222699210047722,-0.009978937916457653,-0.9994626641273499,0,-0.9954596757888794,0.09026757627725601,0.03019638918340206,0,0.08991774171590805,0.9958675503730774,-0.012752028182148933,0,0.09431387484073639,-0.0069128889590501785,-0.05574199929833412,1],[7,-0.02916579507291317,-0.014959697611629963,-0.9994626641273499,0,-0.9967972040176392,-0.07405100762844086,0.03019638918340206,0,-0.07446294277906418,0.9971422553062439,-0.012752028182148933,0,0.04510292410850525,0.0004834264109376818,-0.05574199929833412,1],[7,1.4745317855613393e-8,0.012108296155929565,-0.9999266862869263,0,-1,7.669387969144736e-7,-5.45939604634782e-9,0,7.668164698770852e-7,0.9999266862869263,0.012108296155929565,0,0.008498352020978928,0.00135846808552742,-0.055494070053100586,1],[7,0.00000131729711938533,1.6392235124840226e-7,-1,0,-0.13450053334236145,0.9909135103225708,-1.4744296450430738e-8,0,0.9909135103225708,0.13450053334236145,0.000001327375116488838,0,-0.012373852543532848,-0.003533588722348213,-0.05534392595291138,1],[7,0.00000131729711938533,3.3933875442926364e-7,-1,0,-0.13450053334236145,0.9909135103225708,1.5907819772564835e-7,0,0.9909135103225708,0.13450053334236145,0.0000013509687732948805,0,-0.018642863258719444,-0.0035335791762918234,-0.05534394085407257,1],[7,2.832752931930646e-16,-2.842473958489369e-16,1,0,0.999994158744812,-0.0034257753286510706,-2.842473958489369e-16,0,0.0034257753286510706,0.999994158744812,2.832752931930646e-16,0,-0.1494317650794983,-0.005421605426818132,3.3121029719394924e-17,1],[7,2.8279536961910623e-16,-2.9978764463441554e-16,1,0,0.9983000159263611,-0.05828465521335602,-2.9978764463441554e-16,0,0.05828465521335602,0.9983000159263611,2.8279536961910623e-16,0,-0.18895474076271057,0.0049527352675795555,4.507867986256759e-17,1],[7,-0.9999999403953552,-0.0002720747434068471,-0.00017030946037266403,0,-0.00017034291522577405,0.00012297570356167853,1,0,-0.00027205378864891827,0.9999999403953552,-0.00012302203685976565,0,-0.045236993581056595,-0.008395208977162838,-0.19611816108226776,1],[7,-0.9997686743736267,-0.021508285775780678,0.0000026060895379487192,0,-4.562301142478848e-15,0.00012116676953155547,1,0,-0.021508285775780678,0.9997686743736267,-0.00012113874254282564,0,-0.05769188329577446,-0.009622178971767426,-0.19610817730426788,1],[7,-0.9997854232788086,0.02071404457092285,0.0000022774570425099228,0,0.000004469818122743163,0.00010579304944258183,1,0,0.02071404457092285,0.9997854232788086,-0.00010586293501546606,0,-0.12164465337991714,-0.004488206934183836,-0.19610832631587982,1],[7,-0.9999915361404419,0.004116971045732498,0.0000059942130974377505,0,0.000006464731541200308,0.00011427421122789383,1,0,0.0041169701144099236,0.9999915361404419,-0.00011429985897848383,0,-0.18651793897151947,-0.007586675230413675,-0.19610755145549774,1],[7,-0.996423602104187,-0.014462984167039394,-0.08325135707855225,0,-0.08324424922466278,-0.0010939696803689003,0.9965285658836365,0,-0.014503851532936096,0.9998947978019714,-0.00011390310828574002,0,-0.17896856367588043,-0.010992750525474548,-0.2117549031972885,1],[7,-0.999119758605957,-0.014532933942973614,-0.039350736886262894,0,-0.039348237216472626,-0.0004580361710395664,0.9992254376411438,0,-0.01453970093280077,0.9998942613601685,-0.00011421232193242759,0,-0.1912088543176651,-0.011131229810416698,-0.20353758335113525,1],[7,-0.9995887875556946,-0.014534327201545238,0.02471952699124813,0,0.024715252220630646,0.00047367875231429935,0.9996944069862366,0,-0.014541595242917538,0.9998942613601685,-0.00011426435958128422,0,-0.20555835962295532,-0.011313923634588718,-0.19075621664524078,1],[7,-0.9995887875556946,-0.014534327201545238,0.02471952699124813,0,0.024715252220630646,0.00047367875231429935,0.9996944069862366,0,-0.014541595242917538,0.9998942613601685,-0.00011426435958128422,0,-0.20765182375907898,-0.011313923634588718,-0.19075621664524078,1],[7,-0.7391381859779358,0.5854566693305969,0.33303937315940857,0,-0.3308270275592804,-0.7462555766105652,0.5776296854019165,0,0.5867096781730652,0.3167697489261627,0.7452709078788757,0,-0.08053933084011078,0.2528694272041321,-0.05719924718141556,1],[7,-0.7391381859779358,0.5854566693305969,0.33303937315940857,0,-0.3308270275592804,-0.7462555766105652,0.5776296854019165,0,0.5867096781730652,0.3167697489261627,0.7452709078788757,0,-0.08404815942049026,0.2528694272041321,-0.05719924718141556,1],[7,-0.7391381859779358,0.5854566693305969,0.33303937315940857,0,-0.3308270275592804,-0.7462555766105652,0.5776296854019165,0,0.5867096781730652,0.3167697489261627,0.7452709078788757,0,-0.0857350155711174,0.2528694272041321,-0.05719924718141556,1],[7,-0.7391381859779358,0.5854566693305969,0.33303937315940857,0,-0.3308270275592804,-0.7462555766105652,0.5776296854019165,0,0.5867096781730652,0.3167697489261627,0.7452709078788757,0,-0.08776791393756866,0.2528694272041321,-0.05719924718141556,1],[7,-0.9602705240249634,0.27307066321372986,-0.0575580932199955,0,-0.05533185973763466,0.01585346832871437,0.9983421564102173,0,0.2735304534435272,0.9618633389472961,-0.00011411038576625288,0,-0.17943495512008667,0.03984829783439636,-0.20683862268924713,1],[7,-0.9602705240249634,0.27307066321372986,-0.0575580932199955,0,-0.05533185973763466,0.01585346832871437,0.9983421564102173,0,0.2735304534435272,0.9618633389472961,-0.00011411038576625288,0,-0.18207354843616486,0.03984829783439636,-0.20683862268924713,1],[7,-0.9608843326568604,0.2729484736919403,0.04690844565629959,0,0.04515449330210686,-0.012707751244306564,0.9988991618156433,0,0.27324411273002625,0.9619446992874146,-0.00011417151836212724,0,-0.2036120742559433,0.04541218653321266,-0.1861262023448944,1],[7,-0.9608843326568604,0.2729484736919403,0.04690844565629959,0,0.04515449330210686,-0.012707751244306564,0.9988991618156433,0,0.27324411273002625,0.9619446992874146,-0.00011417151836212724,0,-0.2054668664932251,0.04541218653321266,-0.1861262023448944,1],[7,-0.9993870854377747,-0.017343031242489815,-0.03040824830532074,0,-0.03040347993373871,-0.000538587