[1,["f6SJZOjTJB/JrJeh5xTdF7","a3zQCfCrBCDZJ4uf2rk5u8","2eKKSVOwlNTbk5Vf7UIzb2@6c48a","d7lvO4Iu1Lfocs/eHrW2Gj@717f9","8ftJ2AP7BD9LdbESEfub03","c3BDizgUZOnrj0EcfcjfUJ","a6b+yBZdROrL2l9VWpc2WI","27FZq1TftDEbxeBGMzgPvW","a0X46kalxI7rAIyoAO2Dbm","12Y9dMgWdJKJGmTiZyQR9H@fc873","43tEW7IDdFSYioRu9Ol6+z@6c48a","d7lvO4Iu1Lfocs/eHrW2Gj@e3f1d","d7lvO4Iu1Lfocs/eHrW2Gj@9ff62","d7lvO4Iu1Lfocs/eHrW2Gj@066d6","d7lvO4Iu1Lfocs/eHrW2Gj@55308","d7lvO4Iu1Lfocs/eHrW2Gj@3cf1b","d7lvO4Iu1Lfocs/eHrW2Gj@83125","d7lvO4Iu1Lfocs/eHrW2Gj@438fe"],["_parent","targetInfo","_effectAsset","mainTexture","value","node","root","data","_mesh","asset","_graph","_skeleton"],[["cc.Node",["_name","_objFlags","__editorExtras__","_prefab","_children","_parent","_lpos","_components","_lrot","_euler","_lscale"],0,4,2,1,5,9,5,5,5],["cc.Node",["_name","_parent","_children","_prefab","_lpos","_lrot","_euler"],2,1,9,4,5,5,5],["cc.ModelBakeSettings",["_castShadow","_receiveShadow"],1],["cc.Material",["_name","_states","_defines","_props"],0,12],["cc.Prefab",["_name"],2],["cc.PrefabInfo",["fileId","instance","targetOverrides","root","asset","nestedPrefabInstanceRoots"],0,1,1,2],["cc.PrefabInfo",["fileId","targetOverrides","nestedPrefabInstanceRoots","root","instance","asset"],0,1,4,6],["cc.PrefabInfo",["fileId","instance","targetOverrides","nestedPrefabInstanceRoots","root","asset"],-1,1,1],["cc.PrefabInstance",["fileId","prefabRootNode","mountedComponents","propertyOverrides","removedComponents"],2,1,9,9,9],["cc.MountedComponentsInfo",["targetInfo","components"],3,4,9],["cc.TargetInfo",["localID"],2],["cc.animation.AnimationController",["node","__prefab","_graph"],3,1,4,6],["cc.CompPrefabInfo",["fileId"],2],["CCPropertyOverrideInfo",["value","propertyPath","targetInfo"],1,1],["CCPropertyOverrideInfo",["propertyPath","targetInfo","value"],2,1,8],["CCPropertyOverrideInfo",["propertyPath","targetInfo","value"],2,1,6],["CCPropertyOverrideInfo",["propertyPath","targetInfo","value"],2,1,1],["cc.MeshRenderer",["_name","node","__prefab","_materials","bakeSettings","_mesh"],2,1,4,3,4,6],["cc.Skeleton",["_name","_hash","_joints","_bindposes"],0,12],["cc.SkeletalAnimation",["node","__prefab"],3,1,4],["cc.SkinnedMeshRenderer",["_shadowCastingMode","node","__prefab","_materials","bakeSettings","_skinningRoot","_mesh","_skeleton"],2,1,4,3,4,1,6,6],["cc.Mesh",["_native","_hash","_struct"],1,11]],[[7,0,1,2,3,4,5,5],[0,0,5,4,3,6,8,9,2],[0,0,5,3,6,2],[1,0,1,2,3,4,5,6,2],[3,0,1,2,3,4],[10,0,2],[12,0,2],[0,0,4,3,6,2],[14,0,1,2,2],[15,0,1,2,2],[4,0,2],[0,0,4,3,6,8,9,2],[0,1,2,3,3],[0,0,5,4,3,10,2],[0,0,5,7,3,8,10,9,2],[0,0,4,7,3,2],[0,0,5,4,3,2],[0,0,5,4,3,6,2],[0,0,5,7,3,6,2],[1,0,1,2,3,4,2],[5,0,1,2,3,4,5,4],[6,0,1,2,3,4,5,4],[8,0,1,2,3,4,2],[9,0,1,1],[11,0,1,2,1],[13,0,1,2,3],[16,0,1,2,2],[17,0,1,2,3,4,5,2],[2,1],[2,0,1,3],[18,0,1,2,3,4],[19,0,1,1],[20,0,1,2,3,4,5,6,7,2],[21,0,1,2,3]],[[[[4,"head",[{"rasterizerState":{},"depthStencilState":{},"blendState":{"targets":[{}]}},{"rasterizerState":{},"depthStencilState":{},"blendState":{"targets":[{}]}},{"rasterizerState":{},"depthStencilState":{},"blendState":{"targets":[{}]}}],[{"USE_TEXTURE":true},{},{}],[[[{},"mainTexture",6,0],{},{}],11,0,0]]],0,0,[0,0],[3,2],[2,1]],[[[10,"021"],[7,"021",[-3,-4],[20,"de4lHw+r9HirXbMHuphjX6",null,null,-2,0,[-1]],[1,64.904,0,0]],[12,0,{},[21,"bfBNX6Tldd8qVmOf1gyVOv",null,null,-15,[22,"95sJ+NijFFlaP7xqZP80Mv",1,[[23,[5,["bfBNX6Tldd8qVmOf1gyVOv"]],[[24,-14,[6,"76N0z7eKBMCpn3L2eAuhrE"],1]]]],[[25,"男1",["_name"],-5],[8,["_lpos"],-6,[1,0,0,0]],[8,["_lrot"],-7,[3,0,0,0,1]],[8,["_euler"],-8,[1,0,0,0]],[9,["_materials","1"],-9,2],[26,["_skinningRoot"],-11,-10],[9,["_materials","2"],-12,3],[9,["_materials","0"],-13,4]],[[5,["5275zfvURZBI3SEI9aGpa+"]]]],0]],[5,["bfBNX6Tldd8qVmOf1gyVOv"]],[5,["caRNlwli5Vn4KpKLCQnL5d"]],[13,"Main",1,[2],[0,"3dYWMwWkZPMrR773afEVVr",null,null,null,1,0],[1,2,2,2]],[14,"Shadow",1,[[27,"Quad<ModelComponent>",-16,[6,"f8NXjiDl5AZr0cNUCMl8t1"],[5],[28],6]],[0,"96I90g8oRDPaL6wam9KI45",null,null,null,1,0],[3,-0.7071067811865475,0,0,0.7071067811865476],[1,3,3,1],[1,-89.99999999999999,0,0]]],0,[0,-1,2,0,6,1,0,-1,5,0,-2,6,0,1,3,0,1,3,0,1,3,0,1,3,0,1,4,0,4,2,0,1,4,0,1,4,0,1,4,0,5,2,0,6,2,0,5,6,0,7,1,2,0,5,16],[0,0,0,0,0,0,0],[9,10,4,4,4,-1,8],[3,4,5,6,7,8,9]],[[[4,"body",[{"rasterizerState":{},"depthStencilState":{},"blendState":{"targets":[{}]}},{"rasterizerState":{},"depthStencilState":{},"blendState":{"targets":[{}]}},{"rasterizerState":{},"depthStencilState":{},"blendState":{"targets":[{}]}}],[{"USE_TEXTURE":true},{},{}],[[[{},"mainTexture",6,0],{},{}],11,0,0]]],0,0,[0,0],[3,2],[10,1]],[[[4,"Material__246",[{"rasterizerState":{},"blendState":{"targets":[{}]},"depthStencilState":{}}],[{"DCC_APP_NAME":0}],[[[{"albedoScale":1,"specularFactor":1,"shininessExponent":32,"emissiveScale":1},"mainColor",8,[4,4294967295],"specularColor",8,[4,4286348412],"emissive",8,[4,4278190080]]],11]]],0,0,[0],[2],[0]],[[[4,"Material__683",[{"rasterizerState":{},"blendState":{"targets":[{}]},"depthStencilState":{}}],[{"USE_ALBEDO_MAP":true,"DCC_APP_NAME":0}],[[[{"albedoScale":1,"specularFactor":1,"shininessExponent":32,"emissiveScale":1},"mainColor",8,[4,4294967295],"specularColor",8,[4,4286348412],"emissive",8,[4,4278190080],"mainTexture",6,0]],11]]],0,0,[0,0],[3,2],[11,0]],[[[30,"Skin-0",2212295245,["关节/mixamorig_Hips","关节/mixamorig_Hips/mixamorig_Spine","关节/mixamorig_Hips/mixamorig_Spine/mixamorig_Spine1","关节/mixamorig_Hips/mixamorig_Spine/mixamorig_Spine1/mixamorig_Spine2","关节/mixamorig_Hips/mixamorig_Spine/mixamorig_Spine1/mixamorig_Spine2/mixamorig_Neck","关节/mixamorig_Hips/mixamorig_Spine/mixamorig_Spine1/mixamorig_Spine2/mixamorig_Neck/mixamorig_Head","关节/mixamorig_Hips/mixamorig_Spine/mixamorig_Spine1/mixamorig_Spine2/mixamorig_Neck/mixamorig_Head/mixamorig_HeadTop_End","关节/mixamorig_Hips/mixamorig_Spine/mixamorig_Spine1/mixamorig_Spine2/mixamorig_LeftShoulder","关节/mixamorig_Hips/mixamorig_Spine/mixamorig_Spine1/mixamorig_Spine2/mixamorig_LeftShoulder/mixamorig_LeftArm","关节/mixamorig_Hips/mixamorig_Spine/mixamorig_Spine1/mixamorig_Spine2/mixamorig_LeftShoulder/mixamorig_LeftArm/mixamorig_LeftForeArm","关节/mixamorig_Hips/mixamorig_Spine/mixamorig_Spine1/mixamorig_Spine2/mixamorig_LeftShoulder/mixamorig_LeftArm/mixamorig_LeftForeArm/mixamorig_LeftHand","关节/mixamorig_Hips/mixamorig_Spine/mixamorig_Spine1/mixamorig_Spine2/mixamorig_LeftShoulder/mixamorig_LeftArm/mixamorig_LeftForeArm/mixamorig_LeftHand/mixamorig_LeftHandThumb1","关节/mixamorig_Hips/mixamorig_Spine/mixamorig_Spine1/mixamorig_Spine2/mixamorig_LeftShoulder/mixamorig_LeftArm/mixamorig_LeftForeArm/mixamorig_LeftHand/mixamorig_LeftHandThumb1/mixamorig_LeftHandThumb2","关节/mixamorig_Hips/mixamorig_Spine/mixamorig_Spine1/mixamorig_Spine2/mixamorig_LeftShoulder/mixamorig_LeftArm/mixamorig_LeftForeArm/mixamorig_LeftHand/mixamorig_LeftHandThumb1/mixamorig_LeftHandThumb2/mixamorig_LeftHandThumb3","关节/mixamorig_Hips/mixamorig_Spine/mixamorig_Spine1/mixamorig_Spine2/mixamorig_LeftShoulder/mixamorig_LeftArm/mixamorig_LeftForeArm/mixamorig_LeftHand/mixamorig_LeftHandThumb1/mixamorig_LeftHandThumb2/mixamorig_LeftHandThumb3/mixamorig_LeftHandThumb4","关节/mixamorig_Hips/mixamorig_Spine/mixamorig_Spine1/mixamorig_Spine2/mixamorig_LeftShoulder/mixamorig_LeftArm/mixamorig_LeftForeArm/mixamorig_LeftHand/mixamorig_LeftHandIndex1","关节/mixamorig_Hips/mixamorig_Spine/mixamorig_Spine1/mixamorig_Spine2/mixamorig_LeftShoulder/mixamorig_LeftArm/mixamorig_LeftForeArm/mixamorig_LeftHand/mixamorig_LeftHandIndex1/mixamorig_LeftHandIndex2","关节/mixamorig_Hips/mixamorig_Spine/mixamorig_Spine1/mixamorig_Spine2/mixamorig_LeftShoulder/mixamorig_LeftArm/mixamorig_LeftForeArm/mixamorig_LeftHand/mixamorig_LeftHandIndex1/mixamorig_LeftHandIndex2/mixamorig_LeftHandIndex3","关节/mixamorig_Hips/mixamorig_Spine/mixamorig_Spine1/mixamorig_Spine2/mixamorig_LeftShoulder/mixamorig_LeftArm/mixamorig_LeftForeArm/mixamorig_LeftHand/mixamorig_LeftHandIndex1/mixamorig_LeftHandIndex2/mixamorig_LeftHandIndex3/mixamorig_LeftHandIndex4","关节/mixamorig_Hips/mixamorig_Spine/mixamorig_Spine1/mixamorig_Spine2/mixamorig_LeftShoulder/mixamorig_LeftArm/mixamorig_LeftForeArm/mixamorig_LeftHand/mixamorig_LeftHandMiddle1","关节/mixamorig_Hips/mixamorig_Spine/mixamorig_Spine1/mixamorig_Spine2/mixamorig_LeftShoulder/mixamorig_LeftArm/mixamorig_LeftForeArm/mixamorig_LeftHand/mixamorig_LeftHandMiddle1/mixamorig_LeftHandMiddle2","关节/mixamorig_Hips/mixamorig_Spine/mixamorig_Spine1/mixamorig_Spine2/mixamorig_LeftShoulder/mixamorig_LeftArm/mixamorig_LeftForeArm/mixamorig_LeftHand/mixamorig_LeftHandMiddle1/mixamorig_LeftHandMiddle2/mixamorig_LeftHandMiddle3","关节/mixamorig_Hips/mixamorig_Spine/mixamorig_Spine1/mixamorig_Spine2/mixamorig_LeftShoulder/mixamorig_LeftArm/mixamorig_LeftForeArm/mixamorig_LeftHand/mixamorig_LeftHandMiddle1/mixamorig_LeftHandMiddle2/mixamorig_LeftHandMiddle3/mixamorig_LeftHandMiddle4","关节/mixamorig_Hips/mixamorig_Spine/mixamorig_Spine1/mixamorig_Spine2/mixamorig_LeftShoulder/mixamorig_LeftArm/mixamorig_LeftForeArm/mixamorig_LeftHand/mixamorig_LeftHandRing1","关节/mixamorig_Hips/mixamorig_Spine/mixamorig_Spine1/mixamorig_Spine2/mixamorig_LeftShoulder/mixamorig_LeftArm/mixamorig_LeftForeArm/mixamorig_LeftHand/mixamorig_LeftHandRing1/mixamorig_LeftHandRing2","关节/mixamorig_Hips/mixamorig_Spine/mixamorig_Spine1/mixamorig_Spine2/mixamorig_LeftShoulder/mixamorig_LeftArm/mixamorig_LeftForeArm/mixamorig_LeftHand/mixamorig_LeftHandRing1/mixamorig_LeftHandRing2/mixamorig_LeftHandRing3","关节/mixamorig_Hips/mixamorig_Spine/mixamorig_Spine1/mixamorig_Spine2/mixamorig_LeftShoulder/mixamorig_LeftArm/mixamorig_LeftForeArm/mixamorig_LeftHand/mixamorig_LeftHandRing1/mixamorig_LeftHandRing2/mixamorig_LeftHandRing3/mixamorig_LeftHandRing4","关节/mixamorig_Hips/mixamorig_Spine/mixamorig_Spine1/mixamorig_Spine2/mixamorig_LeftShoulder/mixamorig_LeftArm/mixamorig_LeftForeArm/mixamorig_LeftHand/mixamorig_LeftHandPinky1","关节/mixamorig_Hips/mixamorig_Spine/mixamorig_Spine1/mixamorig_Spine2/mixamorig_LeftShoulder/mixamorig_LeftArm/mixamorig_LeftForeArm/mixamorig_LeftHand/mixamorig_LeftHandPinky1/mixamorig_LeftHandPinky2","关节/mixamorig_Hips/mixamorig_Spine/mixamorig_Spine1/mixamorig_Spine2/mixamorig_LeftShoulder/mixamorig_LeftArm/mixamorig_LeftForeArm/mixamorig_LeftHand/mixamorig_LeftHandPinky1/mixamorig_LeftHandPinky2/mixamorig_LeftHandPinky3","关节/mixamorig_Hips/mixamorig_Spine/mixamorig_Spine1/mixamorig_Spine2/mixamorig_LeftShoulder/mixamorig_LeftArm/mixamorig_LeftForeArm/mixamorig_LeftHand/mixamorig_LeftHandPinky1/mixamorig_LeftHandPinky2/mixamorig_LeftHandPinky3/mixamorig_LeftHandPinky4","关节/mixamorig_Hips/mixamorig_Spine/mixamorig_Spine1/mixamorig_Spine2/mixamorig_RightShoulder","关节/mixamorig_Hips/mixamorig_Spine/mixamorig_Spine1/mixamorig_Spine2/mixamorig_RightShoulder/mixamorig_RightArm","关节/mixamorig_Hips/mixamorig_Spine/mixamorig_Spine1/mixamorig_Spine2/mixamorig_RightShoulder/mixamorig_RightArm/mixamorig_RightForeArm","关节/mixamorig_Hips/mixamorig_Spine/mixamorig_Spine1/mixamorig_Spine2/mixamorig_RightShoulder/mixamorig_RightArm/mixamorig_RightForeArm/mixamorig_RightHand","关节/mixamorig_Hips/mixamorig_Spine/mixamorig_Spine1/mixamorig_Spine2/mixamorig_RightShoulder/mixamorig_RightArm/mixamorig_RightForeArm/mixamorig_RightHand/mixamorig_RightHandThumb1","关节/mixamorig_Hips/mixamorig_Spine/mixamorig_Spine1/mixamorig_Spine2/mixamorig_RightShoulder/mixamorig_RightArm/mixamorig_RightForeArm/mixamorig_RightHand/mixamorig_RightHandThumb1/mixamorig_RightHandThumb2","关节/mixamorig_Hips/mixamorig_Spine/mixamorig_Spine1/mixamorig_Spine2/mixamorig_RightShoulder/mixamorig_RightArm/mixamorig_RightForeArm/mixamorig_RightHand/mixamorig_RightHandThumb1/mixamorig_RightHandThumb2/mixamorig_RightHandThumb3","关节/mixamorig_Hips/mixamorig_Spine/mixamorig_Spine1/mixamorig_Spine2/mixamorig_RightShoulder/mixamorig_RightArm/mixamorig_RightForeArm/mixamorig_RightHand/mixamorig_RightHandThumb1/mixamorig_RightHandThumb2/mixamorig_RightHandThumb3/mixamorig_RightHandThumb4","关节/mixamorig_Hips/mixamorig_Spine/mixamorig_Spine1/mixamorig_Spine2/mixamorig_RightShoulder/mixamorig_RightArm/mixamorig_RightForeArm/mixamorig_RightHand/mixamorig_RightHandIndex1","关节/mixamorig_Hips/mixamorig_Spine/mixamorig_Spine1/mixamorig_Spine2/mixamorig_RightShoulder/mixamorig_RightArm/mixamorig_RightForeArm/mixamorig_RightHand/mixamorig_RightHandIndex1/mixamorig_RightHandIndex2","关节/mixamorig_Hips/mixamorig_Spine/mixamorig_Spine1/mixamorig_Spine2/mixamorig_RightShoulder/mixamorig_RightArm/mixamorig_RightForeArm/mixamorig_RightHand/mixamorig_RightHandIndex1/mixamorig_RightHandIndex2/mixamorig_RightHandIndex3","关节/mixamorig_Hips/mixamorig_Spine/mixamorig_Spine1/mixamorig_Spine2/mixamorig_RightShoulder/mixamorig_RightArm/mixamorig_RightForeArm/mixamorig_RightHand/mixamorig_RightHandIndex1/mixamorig_RightHandIndex2/mixamorig_RightHandIndex3/mixamorig_RightHandIndex4","关节/mixamorig_Hips/mixamorig_Spine/mixamorig_Spine1/mixamorig_Spine2/mixamorig_RightShoulder/mixamorig_RightArm/mixamorig_RightForeArm/mixamorig_RightHand/mixamorig_RightHandMiddle1","关节/mixamorig_Hips/mixamorig_Spine/mixamorig_Spine1/mixamorig_Spine2/mixamorig_RightShoulder/mixamorig_RightArm/mixamorig_RightForeArm/mixamorig_RightHand/mixamorig_RightHandMiddle1/mixamorig_RightHandMiddle2","关节/mixamorig_Hips/mixamorig_Spine/mixamorig_Spine1/mixamorig_Spine2/mixamorig_RightShoulder/mixamorig_RightArm/mixamorig_RightForeArm/mixamorig_RightHand/mixamorig_RightHandMiddle1/mixamorig_RightHandMiddle2/mixamorig_RightHandMiddle3","关节/mixamorig_Hips/mixamorig_Spine/mixamorig_Spine1/mixamorig_Spine2/mixamorig_RightShoulder/mixamorig_RightArm/mixamorig_RightForeArm/mixamorig_RightHand/mixamorig_RightHandMiddle1/mixamorig_RightHandMiddle2/mixamorig_RightHandMiddle3/mixamorig_RightHandMiddle4","关节/mixamorig_Hips/mixamorig_Spine/mixamorig_Spine1/mixamorig_Spine2/mixamorig_RightShoulder/mixamorig_RightArm/mixamorig_RightForeArm/mixamorig_RightHand/mixamorig_RightHandRing1","关节/mixamorig_Hips/mixamorig_Spine/mixamorig_Spine1/mixamorig_Spine2/mixamorig_RightShoulder/mixamorig_RightArm/mixamorig_RightForeArm/mixamorig_RightHand/mixamorig_RightHandRing1/mixamorig_RightHandRing2","关节/mixamorig_Hips/mixamorig_Spine/mixamorig_Spine1/mixamorig_Spine2/mixamorig_RightShoulder/mixamorig_RightArm/mixamorig_RightForeArm/mixamorig_RightHand/mixamorig_RightHandRing1/mixamorig_RightHandRing2/mixamorig_RightHandRing3","关节/mixamorig_Hips/mixamorig_Spine/mixamorig_Spine1/mixamorig_Spine2/mixamorig_RightShoulder/mixamorig_RightArm/mixamorig_RightForeArm/mixamorig_RightHand/mixamorig_RightHandRing1/mixamorig_RightHandRing2/mixamorig_RightHandRing3/mixamorig_RightHandRing4","关节/mixamorig_Hips/mixamorig_Spine/mixamorig_Spine1/mixamorig_Spine2/mixamorig_RightShoulder/mixamorig_RightArm/mixamorig_RightForeArm/mixamorig_RightHand/mixamorig_RightHandPinky1","关节/mixamorig_Hips/mixamorig_Spine/mixamorig_Spine1/mixamorig_Spine2/mixamorig_RightShoulder/mixamorig_RightArm/mixamorig_RightForeArm/mixamorig_RightHand/mixamorig_RightHandPinky1/mixamorig_RightHandPinky2","关节/mixamorig_Hips/mixamorig_Spine/mixamorig_Spine1/mixamorig_Spine2/mixamorig_RightShoulder/mixamorig_RightArm/mixamorig_RightForeArm/mixamorig_RightHand/mixamorig_RightHandPinky1/mixamorig_RightHandPinky2/mixamorig_RightHandPinky3","关节/mixamorig_Hips/mixamorig_Spine/mixamorig_Spine1/mixamorig_Spine2/mixamorig_RightShoulder/mixamorig_RightArm/mixamorig_RightForeArm/mixamorig_RightHand/mixamorig_RightHandPinky1/mixamorig_RightHandPinky2/mixamorig_RightHandPinky3/mixamorig_RightHandPinky4","关节/mixamorig_Hips/mixamorig_RightUpLeg","关节/mixamorig_Hips/mixamorig_RightUpLeg/mixamorig_LeftLeg","关节/mixamorig_Hips/mixamorig_RightUpLeg/mixamorig_LeftLeg/mixamorig_LeftFoot","关节/mixamorig_Hips/mixamorig_RightUpLeg/mixamorig_LeftLeg/mixamorig_LeftFoot/mixamorig_LeftToeBase","关节/mixamorig_Hips/mixamorig_RightUpLeg/mixamorig_LeftLeg/mixamorig_LeftFoot/mixamorig_LeftToeBase/mixamorig_LeftToe_End","关节/mixamorig_Hips/mixamorig_RightUpLeg_2","关节/mixamorig_Hips/mixamorig_RightUpLeg_2/mixamorig_RightLeg","关节/mixamorig_Hips/mixamorig_RightUpLeg_2/mixamorig_RightLeg/mixamorig_RightFoot","关节/mixamorig_Hips/mixamorig_RightUpLeg_2/mixamorig_RightLeg/mixamorig_RightFoot/mixamorig_RightToeBase","关节/mixamorig_Hips/mixamorig_RightUpLeg_2/mixamorig_RightLeg/mixamorig_RightFoot/mixamorig_RightToeBase/mixamorig_LeftToe_End_2"],[[[7,1,-1.73056481453481e-29,9.735281699708997e-15,0,-4.574083617919685e-33,1,1.7780915628762273e-15,0,-9.735281699708997e-15,-1.7780915628762273e-15,1,0,-3.814697180359872e-8,-0.7171837687492371,-0.055029768496751785,1],[7,1,4.0348931947329325e-19,-3.469212363531894e-17,0,-5.339670863468992e-29,0.9999323487281799,0.01162978820502758,0,3.469446951953614e-17,-0.01162978820502758,0.9999323487281799,0,-3.814697180359872e-8,-0.8334425687789917,-0.0640840232372284,1],[7,1,4.034927057439259e-19,8.53486279521194e-16,0,-1.0329326909388552e-17,0.9999323487281799,0.011629783548414707,0,-8.534238637808932e-16,-0.011629783548414707,0.9999323487281799,0,-3.814697180359872e-8,-0.8919274806976318,-0.06401421129703522,1],[7,1,4.034927057439259e-19,-3.469212363531894e-17,0,-3.519690677538987e-24,0.9999323487281799,0.011629783548414707,0,3.469446951953614e-17,-0.011629783548414707,0.9999323487281799,0,-3.814697180359872e-8,-0.9656274914741516,-0.06401421129703522,1],[7,1,1.1775428739323234e-15,1.012108081263445e-13,0,-1.1775428739323234e-15,1,1.6306400674181987e-15,0,-1.012108081263445e-13,-1.6306400674181987e-15,1,0,-3.814696469817136e-8,-1.0492136478424072,-0.05181558430194855,1],[7,1,1.1775428739323234e-15,-5.370618754812996e-15,0,-1.1775428739323234e-15,1,-1.4007892068512717e-16,0,5.370618754812996e-15,1.4007892068512717e-16,1,0,-3.814697180359872e-8,-1.0931763648986816,-0.0522821880877018,1],[7,1,1.1775428739323234e-15,-6.2587908217660165e-15,0,-1.1775428739323234e-15,1,-1.457167719820518e-16,0,6.2587908217660165e-15,1.457167719820518e-16,1,0,-3.814697180359872e-8,-1.741969347000122,-0.054331112653017044,1],[7,-0.0046868836507201195,0.9649047255516052,-0.26255837082862854,0,-0.011739431880414486,-0.2625962495803833,-0.9648343920707703,0,-0.999920129776001,-0.0014397803461179137,0.012558192014694214,0,0.06442856043577194,0.20324517786502838,1.0314496755599976,1],[7,0.003944264724850655,0.7534661293029785,-0.657474935054779,0,-0.014087856747210026,-0.6573728919029236,-0.7534337043762207,0,-0.9998930096626282,0.012234154157340527,0.008021869696676731,0,0.06491625308990479,0.5358222723007202,0.8347744941711426,1],[7,0.007419626694172621,0.749530553817749,-0.6619281768798828,0,-0.0171198770403862,-0.6617541909217834,-0.7495254278182983,0,-0.9998258948326111,0.016893329098820686,0.00792190246284008,0,0.0670909509062767,0.3968142569065094,0.8374894261360168,1],[7,-0.08336720615625381,0.7528182864189148,-0.6529276371002197,0,-0.018649129197001457,-0.6562723517417908,-0.7542935609817505,0,-0.9963443875312805,-0.05070681497454643,0.06875099986791611,0,0.102758027613163,0.22811615467071533,0.8359336256980896,1],[7,0.48557817935943604,0.3587550222873688,-0.7971879839897156,0,-0.48652297258377075,-0.6467328667640686,-0.5873942375183105,0,-0.7262983322143555,0.6730760931968689,-0.1394968330860138,0,0.23304589092731476,0.29855573177337646,0.766657829284668,1],[7,0.48557817935943604,0.31278055906295776,-0.8163223266601562,0,-0.48652297258377075,-0.6791301965713501,-0.5496158003807068,0,-0.7262983322143555,0.6640410423278809,-0.17759589850902557,0,0.23920972645282745,0.3226681649684906,0.7589662075042725,1],[7,0.1648198813199997,0.36859115958213806,-0.9148633480072021,0,-0.5134300589561462,-0.7599080801010132,-0.3986594080924988,0,-0.8421543836593628,0.5354253649711609,0.06399782747030258,0,0.41366249322891235,0.3413851261138916,0.6735008955001831,1],[7,0.1648198813199997,0.36859115958213806,-0.9148633480072021,0,-0.5134300589561462,-0.7599080801010132,-0.3986594080924988,0,-0.8421543836593628,0.5354253649711609,0.06399782747030258,0,0.41544002294540405,0.3135109841823578,0.6787111759185791,1],[7,0.0026613061781972647,0.7629915475845337,-0.6464029550552368,0,-0.09211283177137375,-0.643470048904419,-0.75990891456604,0,-0.9957450032234192,0.061564359813928604,0.06856884807348251,0,0.14503201842308044,0.15092356503009796,0.8514062762260437,1],[7,-0.08997050672769547,0.702627420425415,-0.7058469653129578,0,-0.1824111044406891,-0.7083580493927002,-0.6818761229515076,0,-0.979097306728363,0.0674055889248848,0.191898375749588,0,0.2700769603252411,0.19210977852344513,0.8263054490089417,1],[7,-0.06505066156387329,0.8172433972358704,-0.5726094841957092,0,-0.20690150558948517,-0.5724011063575745,-0.793441116809845,0,-0.9761967658996582,0.0668599009513855,0.20632395148277283,0,0.28644657135009766,0.0060766409151256084,0.8541203141212463,1],[7,-0.06505066156387329,0.8172433972358704,-0.572609543800354,0,-0.20690150558948517,-0.5724011063575745,-0.793441116809845,0,-0.9761967658996582,0.0668599009513855,0.20632395148277283,0,0.29082024097442627,-0.00948845874518156,0.86640864610672,1],[7,-0.012685715220868587,0.7501528263092041,-0.6611427664756775,0,-0.07986673712730408,-0.6598436236381531,-0.7471463680267334,0,-0.9967248439788818,0.043325234204530716,0.068282850086689,0,0.13313521444797516,0.17273670434951782,0.8525368571281433,1],[7,-0.012685715220868587,0.7448733448982239,-0.6670852899551392,0,-0.07986673712730408,-0.6657623052597046,-0.7418772578239441,0,-0.9967248439788818,0.043866682797670364,0.06793627887964249,0,0.13153302669525146,0.15043021738529205,0.861068606376648,1],[7,-0.012685715220868587,0.7401406764984131,-0.6723324060440063,0,-0.07986673712730408,-0.6709882616996765,-0.7371540069580078,0,-0.9967248439788818,0.0443456694483757,0.06762459129095078,0,0.13431885838508606,0.12329767644405365,0.8853855133056641,1],[7,-0.012685715220868587,0.7401406764984131,-0.6723323464393616,0,-0.07986673712730408,-0.6709882616996765,-0.7371540665626526,0,-0.9967248439788818,0.0443456694483757,0.06762459129095078,0,0.13791166245937347,0.09736653417348862,0.9125421643257141,1],[7,-0.039409078657627106,0.9639158248901367,-0.2632739543914795,0,-0.056814972311258316,-0.2652139663696289,-0.9625142216682434,0,-0.997606635093689,-0.02297389507293701,0.06521669030189514,0,0.09356237947940826,-0.21938252449035645,0.8396909832954407,1],[7,-0.039409078657627106,0.9607017636299133,-0.27477097511291504,0,-0.056814972311258316,-0.27669408917427063,-0.9592770338058472,0,-0.997606635093689,-0.022193117067217827,0.06548650562763214,0,0.09394115209579468,-0.2503492832183838,0.8410420417785645,1],[7,0.11289023607969284,0.9243649840354919,-0.3644244372844696,0,-0.11579107493162155,-0.35203105211257935,-0.9287984371185303,0,-0.9868375062942505,0.14704936742782593,0.06729234755039215,0,0.06417606770992279,-0.20480476319789886,0.8683325052261353,1],[7,0.11289023607969284,0.9243649840354919,-0.3644244372844696,0,-0.11579107493162155,-0.35203105211257935,-0.9287984371185303,0,-0.9868375062942505,0.14704936742782593,0.06729234755039215,0,0.06177150085568428,-0.2317630797624588,0.8793017268180847,1],[7,0.0018939304864034057,0.9959444403648376,-0.08995067328214645,0,-0.0848182812333107,-0.08946669846773148,-0.992371678352356,0,-0.9963946342468262,0.009508945047855377,0.08430485427379608,0,0.059507373720407486,-0.3832646906375885,0.7896389961242676,1],[7,0.0018939304864034057,0.9859647750854492,-0.16694284975528717,0,-0.0848182812333107,-0.16618317365646362,-0.9824403524398804,0,-0.9963946342468262,0.016020480543375015,0.08331310003995895,0,0.05950972065329552,-0.3574368953704834,0.8171893358230591,1],[7,0.0018939304864034057,0.9854390025138855,-0.17001861333847046,0,-0.0848182812333107,-0.16924794018268585,-0.9819170236587524,0,-0.9963946342468262,0.016280369833111763,0.08326270431280136,0,0.056517910212278366,-0.3757639229297638,0.8193625211715698,1],[7,0.0018939304864034057,0.9854390621185303,-0.17001858353614807,0,-0.0848182812333107,-0.16924791038036346,-0.9819170236587524,0,-0.9963946342468262,0.016280367970466614,0.08326270431280136,0,0.05651693418622017,-0.3991115093231201,0.8236075639724731,1],[7,-0.0046868836507201195,0.9649047255516052,0.26255837082862854,0,-0.014289864338934422,0.2624698281288147,-0.9648343920707703,0,-0.9998869299888611,-0.008273989893496037,0.012558192014694214,0,0.0663999393582344,-0.20260968804359436,1.0314496755599976,1],[7,0.003944264724850655,0.7534661293029785,0.657474935054779,0,-0.007204806432127953,0.6574843525886536,-0.7534337043762207,0,-0.9999662637710571,-0.001765237539075315,0.008021869696676731,0,0.059302978217601776,-0.536472499370575,0.8347744941711426,1],[7,0.007419626694172621,0.749530553817749,0.6619281768798828,0,-0.004016355145722628,0.6619634032249451,-0.7495254278182983,0,-0.9999644160270691,0.0029026600532233715,0.00792190246284008,0,0.059222422540187836,-0.39806464314460754,0.8374894261360168,1],[7,-0.08336720615625381,0.7528182864189148,0.6529276371002197,0,-0.161787748336792,0.6362907290458679,-0.7542935609817505,0,-0.9832978248596191,-0.1685190498828888,0.06875099986791611,0,0.1501794010400772,-0.20010583102703094,0.8359336256980896,1],[7,0.48557817935943604,0.3587550222873688,0.7971879839897156,0,0.7611258625984192,0.2750553786754608,-0.5873942375183105,0,-0.43000146746635437,0.8919861912727356,-0.1394968330860138,0,-0.3601602613925934,-0.1373337060213089,0.7715308666229248,1],[7,0.4816161096096039,0.3248169422149658,0.8139655590057373,0,0.8195300102233887,0.16215133666992188,-0.5496158003807068,0,-0.31051012873649597,0.9317730069160461,-0.18810252845287323,0,-0.3903914988040924,-0.07553348690271378,0.7714009284973145,1],[7,0.47998538613319397,0.37053146958351135,0.7951858043670654,0,0.7606741189956665,0.27575990557670593,-0.5876490473747253,0,-0.4370228052139282,0.8869401812553406,-0.14949296414852142,0,-0.29568740725517273,-0.15376527607440948,0.7970278859138489,1],[7,0.47998538613319397,0.37053146958351135,0.7951858043670654,0,0.7606741189956665,0.27575990557670593,-0.5876490473747253,0,-0.4370228052139282,0.8869401812553406,-0.14949296414852142,0,-0.2612215280532837,-0.17124272882938385,0.809456467628479,1],[7,-0.06079445034265518,0.7605703473091125,0.6464029550552368,0,-0.14087821543216705,0.6345800161361694,-0.75990891456604,0,-0.9881585836410522,-0.13726232945919037,0.06856884807348251,0,0.164580836892128,-0.1398010104894638,0.8526357412338257,1],[7,-0.15285855531692505,0.700215756893158,0.6973751783370972,0,-0.41470375657081604,0.595080554485321,-0.6884039044380188,0,-0.8970256447792053,-0.39443254470825195,0.19941896200180054,0,0.32067108154296875,-0.04920686408877373,0.8368255496025085,1],[7,-0.12798742949962616,0.8155727386474609,0.5643228888511658,0,-0.32348698377609253,0.5035555958747864,-0.8011166453361511,0,-0.937536895275116,-0.28508397936820984,0.1993783861398697,0,0.2777102291584015,0.09290369600057602,0.8693203926086426,1],[7,-0.12798742949962616,0.8155727386474609,0.5643228888511658,0,-0.32348698377609253,0.5035555958747864,-0.8011166453361511,0,-0.937536895275116,-0.28508397936820984,0.1993783861398697,0,0.2805272042751312,0.10768996924161911,0.8793658018112183,1],[7,-0.012685715220868587,0.7501528263092041,0.6611427664756775,0,-0.10213171690702438,0.656765878200531,-0.7471463680267334,0,-0.9946900010108948,-0.07700173556804657,0.068282850086689,0,0.13144241273403168,-0.1666789948940277,0.8504758477210999,1],[7,-0.012685715220868587,0.7448733448982239,0.6670852899551392,0,-0.10249064117670059,0.6626566052436829,-0.7418772578239441,0,-0.994653046131134,-0.07778124511241913,0.06793627887964249,0,0.1347353160381317,-0.13329839706420898,0.868154764175415,1],[7,-0.012685715220868587,0.7401406764984131,0.6723324060440063,0,-0.10281401127576828,0.6678571701049805,-0.7371540069580078,0,-0.9946197271347046,-0.07847651839256287,0.06762459129095078,0,0.13944269716739655,-0.10724125802516937,0.8911397457122803,1],[7,-0.012685716152191162,0.7401406764984131,0.6723323464393616,0,-0.10281401127576828,0.6678571701049805,-0.7371540665626526,0,-0.9946197271347046,-0.07847651839256287,0.06762459129095078,0,0.1420443207025528,-0.0753425657749176,0.9236192107200623,1],[7,-0.039409078657627106,0.9639158248901367,0.2632739543914795,0,-0.07827536761760712,0.25969088077545166,-0.9625142216682434,0,-0.9961525201797485,-0.05853966251015663,0.06521669030189514,0,0.07481230795383453,0.24475041031837463,0.8436071872711182,1],[7,-0.039409078657627106,0.9607017636299133,0.27477097511291504,0,-0.07928656041622162,0.27111107110977173,-0.9592770338058472,0,-0.9960725903511047,-0.059589870274066925,0.06548650562763214,0,0.07305283099412918,0.27403607964515686,0.8507708311080933,1],[7,0.11289023607969284,0.9243649840354919,0.3644244372844696,0,-0.027666166424751282,0.3695510923862457,-0.9287984371185303,0,-0.9932222366333008,0.09477005153894424,0.06729234755039215,0,0.1141350120306015,0.1989741176366806,0.8796054124832153,1],[7,0.11289023607969284,0.9243649840354919,0.3644244372844696,0,-0.027666166424751282,0.3695510923862457,-0.9287984371185303,0,-0.9932222366333008,0.09477005153894424,0.06729234755039215,0,0.11865441501140594,0.23535452783107758,0.8920594453811646,1],[7,-0.0072664231993258,0.9804823994636536,0.1964724212884903,0,-0.08742894977331161,0.1951022744178772,-0.9768783450126648,0,-0.9961442351341248,-0.02427578903734684,0.08430485427379608,0,0.060927506536245346,0.2960764467716217,0.8309246301651001,1],[7,-0.0072664231993258,0.9622856378555298,0.2719440758228302,0,-0.08861915022134781,0.2702615261077881,-0.9586998224258423,0,-0.996039092540741,-0.031065771356225014,0.08331310003995895,0,0.05830302834510803,0.2672388255596161,0.8517632484436035,1],[7,-0.0072664231993258,0.9614323973655701,0.2749454379081726,0,-0.08866796642541885,0.27325019240379333,-0.9578477740287781,0,-0.9960347414016724,-0.03133897855877876,0.08326270431280136,0,0.05503258854150772,0.28541189432144165,0.8536520004272461,1],[7,-0.0072664231993258,0.9614323973655701,0.2749454081058502,0,-0.08866796642541885,0.27325016260147095,-0.9578477740287781,0,-0.9960347414016724,-0.03133897855877876,0.08326270431280136,0,0.05460580810904503,0.31840360164642334,0.8659064173698425,1],[7,-0.9997187852859497,-0.023712676018476486,-9.507010630127599e-12,0,0.023703360930085182,-0.9993261098861694,-0.028027119114995003,0,0.0006645979592576623,-0.028019238263368607,0.9996071457862854,0,0.08538825064897537,0.6518986225128174,-0.03978566452860832,1],[7,-0.999999463558197,0.0010636295191943645,-0.00001868096114776563,0,-0.0010611009784042835,-0.9985631108283997,-0.0535774752497673,0,-0.000075640702561941,-0.05357742682099342,0.9985637068748474,0,0.09430301189422607,0.319347620010376,-0.01566288247704506,1],[7,-0.9978870749473572,-0.0522007942199707,-0.03868475556373596,0,-0.01332459319382906,-0.41832709312438965,0.9081987142562866,0,-0.06359157711267471,0.9067952036857605,0.4167476296424866,0,0.09706450998783112,-0.0038369321264326572,-0.0717030018568039,1],[7,-0.9985212087631226,-0.033698052167892456,0.04265885800123215,0,0.035666465759277344,0.1861259639263153,0.9818783402442932,0,-0.04102730751037598,0.9819478392601013,-0.18464884161949158,0,0.09305694699287415,-0.11820213496685028,-0.010102447122335434,1],[7,-0.9985212087631226,-0.033698052167892456,0.04265885800123215,0,0.035666465759277344,0.1861259639263153,0.9818783402442932,0,-0.04102730751037598,0.9819478392601013,-0.18464884161949158,0,0.09305694699287415,-0.14843884110450745,-0.010102447122335434,1],[7,-0.9997187852859497,-0.023712676018476486,-9.50632454699285e-12,0,0.023703360930085182,-0.9993261098861694,-0.028027119114995003,0,0.0006645979592576623,-0.028019238263368607,0.9996071457862854,0,-0.1162000522017479,0.6471170783042908,-0.03978566452860832,1],[7,-0.999999463558197,0.001063630566932261,-0.00001872065695351921,0,-0.001061102608218789,-0.998565137386322,-0.05354016646742821,0,-0.0000756407534936443,-0.05354011803865433,0.998565673828125,0,-0.09362287819385529,0.3195469379425049,-0.01567833125591278,1],[7,-0.9978870749473572,-0.0522007942199707,0.03868475556373596,0,0.05689891800284386,-0.41465359926223755,0.9081987142562866,0,-0.03136792406439781,0.9084808826446533,0.4167476296424866,0,-0.09613440185785294,-0.013943423517048359,-0.0717030018568039,1],[7,-0.9985212087631226,-0.03369805961847305,-0.04265885800123215,0,-0.048133768141269684,0.18329788744449615,0.9818783402442932,0,-0.02526811510324478,0.9824796915054321,-0.18464884161949158,0,-0.08487613499164581,-0.1242070123553276,-0.010102447122335434,1],[7,-0.9985212087631226,-0.03369805961847305,-0.04265885800123215,0,-0.048133768141269684,0.18329788744449615,0.9818783402442932,0,-0.02526811510324478,0.9824796915054321,-0.18464884161949158,0,-0.08283759653568268,-0.15437492728233337,-0.010102447122335434,1]],8,8,8,8,8,8,8,8,8,8,8,8,8,8,8,8,8,8,8,8,8,8,8,8,8,8,8,8,8,8,8,8,8,8,8,8,8,8,8,8,8,8,8,8,8,8,8,8,8,8,8,8,8,8,8,8,8,8,8,8,8,8,8,8,8]]],0,0,[],[],[]],[[[4,"Material__682",[{"rasterizerState":{},"blendState":{"targets":[{}]},"depthStencilState":{}}],[{"USE_ALBEDO_MAP":true,"DCC_APP_NAME":0}],[[[{"albedoScale":1,"specularFactor":1,"shininessExponent":32,"emissiveScale":1},"mainColor",8,[4,4294967295],"specularColor",8,[4,4286348412],"emissive",8,[4,4278190080],"mainTexture",6,0]],11]]],0,0,[0,0],[3,2],[12,0]],[[[10,"男1"],[15,"男1",[-3,-4],[[31,-2,[6,"5275zfvURZBI3SEI9aGpa+"]]],[0,"bfBNX6Tldd8qVmOf1gyVOv",null,null,null,-1,0]],[11,"mixamorig_LeftHand",[-5,-6,-7,-8,-9],[0,"bdcLKcPnlfBJbls2UdsPk1",null,null,null,1,0],[1,0.00007116323104128242,0.16697032749652863,-0.0015942315803840756],[3,-0.004442056584472314,-0.030516376330659917,-0.03365899579620523,0.9989575020544852],[1,-0.6276161314154564,-3.5205218444943416,-3.840357225047876]],[11,"mixamorig_RightHand",[-10,-11,-12,-13,-14],[0,"d4DiFamh1dhJ+gRoLi051Q",null,null,null,1,0],[1,-0.0032342160120606422,-0.16693900525569916,-0.0015942315803840756],[3,0.007478148793603064,-0.029917527458844687,-0.08635914460998993,0.9957866824694941],[1,0.5657411281373567,-3.392620280140758,-9.929601493616143]],[7,"mixamorig_Hips",[-15,-16,-17],[0,"68oqBsF2dSA5jz5aTgb018",null,null,null,1,0],[1,3.814697180359872e-8,0.7171837687492371,0.001184552675113082]],[7,"mixamorig_Spine2",[-18,-19,-20],[0,"11ggjrnENUirteqYuU6sdn",null,null,null,1,0],[1,-3.462566794490643e-17,0.07370004802942276,-2.9925336514358136e-11]],[16,"关节",1,[4],[0,"ceTsjYN8pfWa55O6heVjeZ",null,null,null,1,0]],[1,"mixamorig_Spine",4,[-21],[0,"a5jtTmx+Ff96EEegqm/dXn",null,null,null,1,0],[1,2.8654191959472327e-18,0.1169477179646492,-0.0006428364431485534],[3,-0.0058149924762980355,-4.884898822816793e-15,-2.840612728016906e-17,0.9999830927883234],[1,-0.6663528089779736,-5.597776360687116e-13,3.312148187911076e-22]],[17,"mixamorig_Spine1",7,[5],[0,"90sZamHxVfxIws/OwO0ZGy",null,null,null,1,0],[1,-2.1919450780236555e-17,0.058484919369220734,-0.00006981345359236002]],[1,"mixamorig_Neck",5,[-22],[0,"b7FnNpr4JfbpC8u9XDXPpW",null,null,null,1,0],[1,-5.845370398534986e-17,0.08291251212358475,-8.247900973312738e-11],[3,0.00581499014807028,5.062531376446305e-14,-2.943907008429333e-16,0.9999830928018622],[1,0.6663525421782143,5.801331714738488e-12,-2.605549046225628e-21]],[19,"mixamorig_Head",9,[[2,"mixamorig_HeadTop_End",-23,[0,"05jN2vT1Vajqq96LADJ9Rr",null,null,null,1,0],[1,-5.174973202238566e-16,0.6487929224967957,0.0020489240996539593]]],[0,"8cADItXjVUEaqhjTeN1/JI",null,null,null,1,0],[1,-1.2052231959645447e-16,0.0439627543091774,0.0004666027962230146]],[1,"mixamorig_LeftShoulder",5,[-24],[0,"cdklMHMjJS/YmfzYZzra2s",null,null,null,1,0],[1,0.07500545680522919,0.0830054059624672,-0.00005161075387150049],[3,-0.5604770835614566,-0.4303453905668743,0.5631574448591443,-0.4283946497331728],[1,105.22212115356227,90.26854205003302,-0.006291867975238871]],[1,"mixamorig_LeftArm",11,[-25],[0,"afsK1RBixWAZOVWSgWfjl3",null,null,null,1,0],[1,0.0005669468664564192,0.08505517244338989,0.04650251194834709],[3,0.22397873367946794,0.0010017516575809955,0.004358857048218733,0.9745837694719689],[1,25.88592600950146,-4.302280448484193e-8,0.512510981884216]],[1,"mixamorig_LeftForeArm",12,[2],[0,"77j4ed9BFY8alj/5wDiQqJ",null,null,null,1,0],[1,-0.0003665787517093122,0.14367254078388214,-0.0050516799092292786],[3,0.002962954295845446,0.00000683260385089823,0.0023062745678426766,0.9999929509515425],[1,0.3395309520772798,-9.51636465564337e-8,0.2642809923548067]],[1,"mixamorig_LeftHandThumb1",2,[-26],[0,"15fOxpgyldO5PC2RGivzfq",null,null,null,1,0],[1,-0.01892518810927868,0.02191099338233471,0.01503001432865858],[3,0.13952709796228122,0.05950284403090734,0.38773939185187906,0.9092028181284926],[1,17.449197703557875,2.2659050836400413e-7,46.19269808739389]],[1,"mixamorig_LeftHandThumb2",14,[-27],[0,"60L2e2en5aQqAk4oKHHeLE",null,null,null,1,0],[1,-0.0061638387851417065,0.019627103582024574,-0.009449958801269531],[3,0.028481881442510213,3.3157151428821477e-13,-9.475380444003964e-15,0.999594308922122],[1,3.2642246327054165,3.8010807985552064e-11,-3.180581199347006e-15]],[3,"mixamorig_LeftHandThumb3",15,[[2,"mixamorig_LeftHandThumb4",-28,[0,"f0BN8fS2ddqZ5/NH4vL2gJ",null,null,null,1,0],[1,-0.0017775088781490922,0.027874141931533813,-0.005210230592638254]]],[0,"18NnN3LKJQOb/PVCPueQTE",null,null,null,1,0],[1,-0.004935279954224825,0.033275581896305084,-0.014279603958129883],[3,-0.0013723296579676832,-0.15071344376382736,-0.0808924362104864,0.9852613807229481],[1,-1.572183343666844,-17.519792954186826,-9.148087295249105]],[1,"mixamorig_LeftHandIndex1",2,[-29],[0,"5b/0LEl6RXXY3605BW5X9A",null,null,null,1,0],[1,-0.02408001571893692,0.05445576086640358,-0.014042273163795471],[3,-0.004303589967961838,0.00011474781162660232,0.05656440607396693,0.9983896703751631],[1,-0.4962865348495531,0.04128717387176074,6.485147415764166]],[1,"mixamorig_LeftHandIndex2",17,[-30],[0,"fb2mqN/PNY4JFQm3BliQmE",null,null,null,1,0],[1,-0.015203424729406834,0.03538406640291214,-0.016697179526090622],[3,0.04431380336393524,-0.06514988101738768,-0.0028960548838810056,0.9968868505005732],[1,5.047420497805173,-7.449141932013117,-0.6616753129167409]],[3,"mixamorig_LeftHandIndex3",18,[[2,"mixamorig_LeftHandIndex4",-31,[0,"28vRsgI71ZMIuUyKQ2msu9",null,null,null,1,0],[1,-0.004373674746602774,0.015565106645226479,-0.012288304045796394]]],[0,"36ElA1W4dW0LYXNFN9Lk1N",null,null,null,1,0],[1,-0.011063043028116226,0.027798956260085106,-0.01367809809744358],[3,-0.08717746969755158,-0.0013621970912897,0.017476906873872485,0.9960385489138153],[1,-10.004375672603949,0.019124674771747438,2.0087919744274947]],[1,"mixamorig_LeftHandMiddle1",2,[-32],[0,"3eSSPPpYxaX6tv4oBTjmoM",null,null,null,1,0],[1,-0.014529523439705372,0.052960485219955444,-0.018435223028063774],[3,0.005443602008230806,0.00025478969397484965,0.04675295323463935,0.9988916175658034],[1,0.6244768096676696,3.2450209328470953e-7,5.359527135340801]],[1,"mixamorig_LeftHandMiddle2",20,[-33],[0,"81D7dm/nVckL3wRBM5vYnO",null,null,null,1,0],[1,0.0016021812334656715,0.02915634959936142,-0.00970040075480938],[3,0.003974810353264317,7.221357358158333e-16,1.2203070338293987e-16,0.9999921004101259],[1,0.4554809145853367,8.269442358934448e-14,1.4312496263601247e-14]],[3,"mixamorig_LeftHandMiddle3",21,[[2,"mixamorig_LeftHandMiddle4",-34,[0,"cce2rjouhdcY4mH2lQp/zj",null,null,null,1,0],[1,-0.0035927959252148867,0.025931110605597496,-0.027156639844179153]]],[0,"4dGtTd4IJb84YgU4hLw4jm",null,null,null,1,0],[1,-0.0027858330868184566,0.033392347395420074,-0.025166114792227745],[3,0.0035333543190312735,-7.678093063700872e-17,-1.28099044616145e-16,0.9999937576841449],[1,0.40489342250085364,-8.746525269820868e-15,-1.471006563004083e-14]],[1,"mixamorig_LeftHandRing1",2,[-35],[0,"4aISJH7klYOagvEYlOWV2S",null,null,null,1,0],[1,0.018890922889113426,0.059098418802022934,-0.016335614025592804],[3,-0.2208126229842056,-0.006431501482586223,0.028394917572907078,0.9748816081840618],[1,-25.524535954883667,4.270403116189891e-7,3.3367109289658967]],[1,"mixamorig_LeftHandRing2",23,[-36],[0,"dc6W/C6d1cBr5aa9kr4MCs",null,null,null,1,0],[1,-0.00037877418799325824,0.040996748954057693,0.0016998652135953307],[3,0.005973554562230006,7.009193792241351e-16,1.3160488776813654e-17,0.9999821581637804],[1,0.6845230012677296,8.030900276687403e-14,1.987846603181145e-15]],[3,"mi