[1,["11JnziAEpFx7ORshAMxR0k@29e7c","a3zQCfCrBCDZJ4uf2rk5u8","11JnziAEpFx7ORshAMxR0k@61bfd","11JnziAEpFx7ORshAMxR0k@70e8d","11JnziAEpFx7ORshAMxR0k@210fd","11JnziAEpFx7ORshAMxR0k@438fe"],["_parent","node","mainTexture","_effectAsset","root","data","_mesh","_skeleton"],[["cc.Node",["_name","_prefab","_children","_lpos","_parent","_components","_lrot","_euler"],2,4,2,5,1,9,5,5],["cc.Node",["_name","_parent","_children","_prefab","_lpos","_lrot","_euler"],2,1,9,4,5,5,5],["cc.Mesh",["_native","_hash","_struct"],1,11],["cc.Skeleton",["_name","_hash","_joints","_bindposes"],0,12],["cc.Material",["_states","_defines","_props"],1,12],["cc.Prefab",["_name"],2],["cc.SkeletalAnimation",["node","__prefab"],3,1,4],["cc.CompPrefabInfo",["fileId"],2],["cc.PrefabInfo",["fileId","instance","targetOverrides","nestedPrefabInstanceRoots","root","asset"],-1,1,1],["cc.SkinnedMeshRenderer",["_shadowCastingMode","node","__prefab","_materials","bakeSettings","_skinningRoot","_mesh","_skeleton"],2,1,4,3,4,1,6,6],["cc.ModelBakeSettings",["_castShadow","_receiveShadow"],1]],[[8,0,1,2,3,4,5,5],[0,0,4,2,1,3,6,7,2],[0,0,4,1,3,2],[1,0,1,2,3,4,5,6,2],[0,0,2,1,3,6,7,2],[0,0,2,1,3,2],[7,0,2],[2,0,1,2,3],[3,0,1,2,3,4],[4,0,1,2,3],[5,0,2],[0,0,2,5,1,2],[0,0,4,2,1,2],[0,0,4,2,1,3,2],[0,0,4,5,1,2],[1,0,1,2,3,4,2],[6,0,1,1],[9,0,1,2,3,4,5,6,7,2],[10,0,1,3]],[[[[7,".bin",353076,[{"primitives":[{"primitiveMode":7,"jointMapIndex":0,"vertexBundelIndices":[0],"indexView":{"offset":140328,"length":15198,"count":7599,"stride":2}},{"primitiveMode":7,"jointMapIndex":1,"vertexBundelIndices":[1],"indexView":{"offset":724038,"length":51462,"count":25731,"stride":2}}],"vertexBundles":[{"view":{"offset":0,"length":140328,"count":1949,"stride":72},"attributes":[{"name":"a_position","format":32,"isNormalized":false},{"name":"a_normal","format":32,"isNormalized":false},{"name":"a_texCoord","format":21,"isNormalized":false},{"name":"a_tangent","format":44,"isNormalized":false},{"name":"a_joints","format":42,"isNormalized":false},{"name":"a_weights","format":44,"isNormalized":false}]},{"view":{"offset":155526,"length":568512,"count":7896,"stride":72},"attributes":[{"name":"a_position","format":32,"isNormalized":false},{"name":"a_normal","format":32,"isNormalized":false},{"name":"a_texCoord","format":21,"isNormalized":false},{"name":"a_tangent","format":44,"isNormalized":false},{"name":"a_joints","format":42,"isNormalized":false},{"name":"a_weights","format":44,"isNormalized":false}]}],"jointMaps":[[0,3,4,5],[0,1,2,3,4,5,7,8,9,10,11,12,13,15,16,17,19,20,21,23,24,25,27,28,29,31,32,33,34,35,36,37,39,40,41,43,44,45,47,48,49,51,52,53,55,56,57,58,60,61,62,63]]},"minPosition",8,[1,-0.5485073924064636,0.009840025566518307,-0.40858447551727295],"maxPosition",8,[1,0.5485073924064636,1.765150547027588,0.40858447551727295]]],-1],0,0,[],[],[]],[[[8,"Skin-0",3811254354,["关节/mixamorig_Hips","关节/mixamorig_Hips/mixamorig_Spine","关节/mixamorig_Hips/mixamorig_Spine/mixamorig_Spine1","关节/mixamorig_Hips/mixamorig_Spine/mixamorig_Spine1/mixamorig_Spine2","关节/mixamorig_Hips/mixamorig_Spine/mixamorig_Spine1/mixamorig_Spine2/mixamorig_Neck","关节/mixamorig_Hips/mixamorig_Spine/mixamorig_Spine1/mixamorig_Spine2/mixamorig_Neck/mixamorig_Head","关节/mixamorig_Hips/mixamorig_Spine/mixamorig_Spine1/mixamorig_Spine2/mixamorig_Neck/mixamorig_Head/mixamorig_HeadTop_End","关节/mixamorig_Hips/mixamorig_Spine/mixamorig_Spine1/mixamorig_Spine2/mixamorig_LeftShoulder","关节/mixamorig_Hips/mixamorig_Spine/mixamorig_Spine1/mixamorig_Spine2/mixamorig_LeftShoulder/mixamorig_LeftArm","关节/mixamorig_Hips/mixamorig_Spine/mixamorig_Spine1/mixamorig_Spine2/mixamorig_LeftShoulder/mixamorig_LeftArm/mixamorig_LeftForeArm","关节/mixamorig_Hips/mixamorig_Spine/mixamorig_Spine1/mixamorig_Spine2/mixamorig_LeftShoulder/mixamorig_LeftArm/mixamorig_LeftForeArm/mixamorig_LeftHand","关节/mixamorig_Hips/mixamorig_Spine/mixamorig_Spine1/mixamorig_Spine2/mixamorig_LeftShoulder/mixamorig_LeftArm/mixamorig_LeftForeArm/mixamorig_LeftHand/mixamorig_LeftHandThumb1","关节/mixamorig_Hips/mixamorig_Spine/mixamorig_Spine1/mixamorig_Spine2/mixamorig_LeftShoulder/mixamorig_LeftArm/mixamorig_LeftForeArm/mixamorig_LeftHand/mixamorig_LeftHandThumb1/mixamorig_LeftHandThumb2","关节/mixamorig_Hips/mixamorig_Spine/mixamorig_Spine1/mixamorig_Spine2/mixamorig_LeftShoulder/mixamorig_LeftArm/mixamorig_LeftForeArm/mixamorig_LeftHand/mixamorig_LeftHandThumb1/mixamorig_LeftHandThumb2/mixamorig_LeftHandThumb3","关节/mixamorig_Hips/mixamorig_Spine/mixamorig_Spine1/mixamorig_Spine2/mixamorig_LeftShoulder/mixamorig_LeftArm/mixamorig_LeftForeArm/mixamorig_LeftHand/mixamorig_LeftHandThumb1/mixamorig_LeftHandThumb2/mixamorig_LeftHandThumb3/mixamorig_LeftHandThumb4","关节/mixamorig_Hips/mixamorig_Spine/mixamorig_Spine1/mixamorig_Spine2/mixamorig_LeftShoulder/mixamorig_LeftArm/mixamorig_LeftForeArm/mixamorig_LeftHand/mixamorig_LeftHandIndex1","关节/mixamorig_Hips/mixamorig_Spine/mixamorig_Spine1/mixamorig_Spine2/mixamorig_LeftShoulder/mixamorig_LeftArm/mixamorig_LeftForeArm/mixamorig_LeftHand/mixamorig_LeftHandIndex1/mixamorig_LeftHandIndex2","关节/mixamorig_Hips/mixamorig_Spine/mixamorig_Spine1/mixamorig_Spine2/mixamorig_LeftShoulder/mixamorig_LeftArm/mixamorig_LeftForeArm/mixamorig_LeftHand/mixamorig_LeftHandIndex1/mixamorig_LeftHandIndex2/mixamorig_LeftHandIndex3","关节/mixamorig_Hips/mixamorig_Spine/mixamorig_Spine1/mixamorig_Spine2/mixamorig_LeftShoulder/mixamorig_LeftArm/mixamorig_LeftForeArm/mixamorig_LeftHand/mixamorig_LeftHandIndex1/mixamorig_LeftHandIndex2/mixamorig_LeftHandIndex3/mixamorig_LeftHandIndex4","关节/mixamorig_Hips/mixamorig_Spine/mixamorig_Spine1/mixamorig_Spine2/mixamorig_LeftShoulder/mixamorig_LeftArm/mixamorig_LeftForeArm/mixamorig_LeftHand/mixamorig_LeftHandMiddle1","关节/mixamorig_Hips/mixamorig_Spine/mixamorig_Spine1/mixamorig_Spine2/mixamorig_LeftShoulder/mixamorig_LeftArm/mixamorig_LeftForeArm/mixamorig_LeftHand/mixamorig_LeftHandMiddle1/mixamorig_LeftHandMiddle2","关节/mixamorig_Hips/mixamorig_Spine/mixamorig_Spine1/mixamorig_Spine2/mixamorig_LeftShoulder/mixamorig_LeftArm/mixamorig_LeftForeArm/mixamorig_LeftHand/mixamorig_LeftHandMiddle1/mixamorig_LeftHandMiddle2/mixamorig_LeftHandMiddle3","关节/mixamorig_Hips/mixamorig_Spine/mixamorig_Spine1/mixamorig_Spine2/mixamorig_LeftShoulder/mixamorig_LeftArm/mixamorig_LeftForeArm/mixamorig_LeftHand/mixamorig_LeftHandMiddle1/mixamorig_LeftHandMiddle2/mixamorig_LeftHandMiddle3/mixamorig_LeftHandMiddle4","关节/mixamorig_Hips/mixamorig_Spine/mixamorig_Spine1/mixamorig_Spine2/mixamorig_LeftShoulder/mixamorig_LeftArm/mixamorig_LeftForeArm/mixamorig_LeftHand/mixamorig_LeftHandRing1","关节/mixamorig_Hips/mixamorig_Spine/mixamorig_Spine1/mixamorig_Spine2/mixamorig_LeftShoulder/mixamorig_LeftArm/mixamorig_LeftForeArm/mixamorig_LeftHand/mixamorig_LeftHandRing1/mixamorig_LeftHandRing2","关节/mixamorig_Hips/mixamorig_Spine/mixamorig_Spine1/mixamorig_Spine2/mixamorig_LeftShoulder/mixamorig_LeftArm/mixamorig_LeftForeArm/mixamorig_LeftHand/mixamorig_LeftHandRing1/mixamorig_LeftHandRing2/mixamorig_LeftHandRing3","关节/mixamorig_Hips/mixamorig_Spine/mixamorig_Spine1/mixamorig_Spine2/mixamorig_LeftShoulder/mixamorig_LeftArm/mixamorig_LeftForeArm/mixamorig_LeftHand/mixamorig_LeftHandRing1/mixamorig_LeftHandRing2/mixamorig_LeftHandRing3/mixamorig_LeftHandRing4","关节/mixamorig_Hips/mixamorig_Spine/mixamorig_Spine1/mixamorig_Spine2/mixamorig_LeftShoulder/mixamorig_LeftArm/mixamorig_LeftForeArm/mixamorig_LeftHand/mixamorig_LeftHandPinky1","关节/mixamorig_Hips/mixamorig_Spine/mixamorig_Spine1/mixamorig_Spine2/mixamorig_LeftShoulder/mixamorig_LeftArm/mixamorig_LeftForeArm/mixamorig_LeftHand/mixamorig_LeftHandPinky1/mixamorig_LeftHandPinky2","关节/mixamorig_Hips/mixamorig_Spine/mixamorig_Spine1/mixamorig_Spine2/mixamorig_LeftShoulder/mixamorig_LeftArm/mixamorig_LeftForeArm/mixamorig_LeftHand/mixamorig_LeftHandPinky1/mixamorig_LeftHandPinky2/mixamorig_LeftHandPinky3","关节/mixamorig_Hips/mixamorig_Spine/mixamorig_Spine1/mixamorig_Spine2/mixamorig_LeftShoulder/mixamorig_LeftArm/mixamorig_LeftForeArm/mixamorig_LeftHand/mixamorig_LeftHandPinky1/mixamorig_LeftHandPinky2/mixamorig_LeftHandPinky3/mixamorig_LeftHandPinky4","关节/mixamorig_Hips/mixamorig_Spine/mixamorig_Spine1/mixamorig_Spine2/mixamorig_RightShoulder","关节/mixamorig_Hips/mixamorig_Spine/mixamorig_Spine1/mixamorig_Spine2/mixamorig_RightShoulder/mixamorig_RightArm","关节/mixamorig_Hips/mixamorig_Spine/mixamorig_Spine1/mixamorig_Spine2/mixamorig_RightShoulder/mixamorig_RightArm/mixamorig_RightForeArm","关节/mixamorig_Hips/mixamorig_Spine/mixamorig_Spine1/mixamorig_Spine2/mixamorig_RightShoulder/mixamorig_RightArm/mixamorig_RightForeArm/mixamorig_RightHand","关节/mixamorig_Hips/mixamorig_Spine/mixamorig_Spine1/mixamorig_Spine2/mixamorig_RightShoulder/mixamorig_RightArm/mixamorig_RightForeArm/mixamorig_RightHand/mixamorig_RightHandThumb1","关节/mixamorig_Hips/mixamorig_Spine/mixamorig_Spine1/mixamorig_Spine2/mixamorig_RightShoulder/mixamorig_RightArm/mixamorig_RightForeArm/mixamorig_RightHand/mixamorig_RightHandThumb1/mixamorig_RightHandThumb2","关节/mixamorig_Hips/mixamorig_Spine/mixamorig_Spine1/mixamorig_Spine2/mixamorig_RightShoulder/mixamorig_RightArm/mixamorig_RightForeArm/mixamorig_RightHand/mixamorig_RightHandThumb1/mixamorig_RightHandThumb2/mixamorig_RightHandThumb3","关节/mixamorig_Hips/mixamorig_Spine/mixamorig_Spine1/mixamorig_Spine2/mixamorig_RightShoulder/mixamorig_RightArm/mixamorig_RightForeArm/mixamorig_RightHand/mixamorig_RightHandThumb1/mixamorig_RightHandThumb2/mixamorig_RightHandThumb3/mixamorig_RightHandThumb4","关节/mixamorig_Hips/mixamorig_Spine/mixamorig_Spine1/mixamorig_Spine2/mixamorig_RightShoulder/mixamorig_RightArm/mixamorig_RightForeArm/mixamorig_RightHand/mixamorig_RightHandIndex1","关节/mixamorig_Hips/mixamorig_Spine/mixamorig_Spine1/mixamorig_Spine2/mixamorig_RightShoulder/mixamorig_RightArm/mixamorig_RightForeArm/mixamorig_RightHand/mixamorig_RightHandIndex1/mixamorig_RightHandIndex2","关节/mixamorig_Hips/mixamorig_Spine/mixamorig_Spine1/mixamorig_Spine2/mixamorig_RightShoulder/mixamorig_RightArm/mixamorig_RightForeArm/mixamorig_RightHand/mixamorig_RightHandIndex1/mixamorig_RightHandIndex2/mixamorig_RightHandIndex3","关节/mixamorig_Hips/mixamorig_Spine/mixamorig_Spine1/mixamorig_Spine2/mixamorig_RightShoulder/mixamorig_RightArm/mixamorig_RightForeArm/mixamorig_RightHand/mixamorig_RightHandIndex1/mixamorig_RightHandIndex2/mixamorig_RightHandIndex3/mixamorig_RightHandIndex4","关节/mixamorig_Hips/mixamorig_Spine/mixamorig_Spine1/mixamorig_Spine2/mixamorig_RightShoulder/mixamorig_RightArm/mixamorig_RightForeArm/mixamorig_RightHand/mixamorig_RightHandMiddle1","关节/mixamorig_Hips/mixamorig_Spine/mixamorig_Spine1/mixamorig_Spine2/mixamorig_RightShoulder/mixamorig_RightArm/mixamorig_RightForeArm/mixamorig_RightHand/mixamorig_RightHandMiddle1/mixamorig_RightHandMiddle2","关节/mixamorig_Hips/mixamorig_Spine/mixamorig_Spine1/mixamorig_Spine2/mixamorig_RightShoulder/mixamorig_RightArm/mixamorig_RightForeArm/mixamorig_RightHand/mixamorig_RightHandMiddle1/mixamorig_RightHandMiddle2/mixamorig_RightHandMiddle3","关节/mixamorig_Hips/mixamorig_Spine/mixamorig_Spine1/mixamorig_Spine2/mixamorig_RightShoulder/mixamorig_RightArm/mixamorig_RightForeArm/mixamorig_RightHand/mixamorig_RightHandMiddle1/mixamorig_RightHandMiddle2/mixamorig_RightHandMiddle3/mixamorig_RightHandMiddle4","关节/mixamorig_Hips/mixamorig_Spine/mixamorig_Spine1/mixamorig_Spine2/mixamorig_RightShoulder/mixamorig_RightArm/mixamorig_RightForeArm/mixamorig_RightHand/mixamorig_RightHandRing1","关节/mixamorig_Hips/mixamorig_Spine/mixamorig_Spine1/mixamorig_Spine2/mixamorig_RightShoulder/mixamorig_RightArm/mixamorig_RightForeArm/mixamorig_RightHand/mixamorig_RightHandRing1/mixamorig_RightHandRing2","关节/mixamorig_Hips/mixamorig_Spine/mixamorig_Spine1/mixamorig_Spine2/mixamorig_RightShoulder/mixamorig_RightArm/mixamorig_RightForeArm/mixamorig_RightHand/mixamorig_RightHandRing1/mixamorig_RightHandRing2/mixamorig_RightHandRing3","关节/mixamorig_Hips/mixamorig_Spine/mixamorig_Spine1/mixamorig_Spine2/mixamorig_RightShoulder/mixamorig_RightArm/mixamorig_RightForeArm/mixamorig_RightHand/mixamorig_RightHandRing1/mixamorig_RightHandRing2/mixamorig_RightHandRing3/mixamorig_RightHandRing4","关节/mixamorig_Hips/mixamorig_Spine/mixamorig_Spine1/mixamorig_Spine2/mixamorig_RightShoulder/mixamorig_RightArm/mixamorig_RightForeArm/mixamorig_RightHand/mixamorig_RightHandPinky1","关节/mixamorig_Hips/mixamorig_Spine/mixamorig_Spine1/mixamorig_Spine2/mixamorig_RightShoulder/mixamorig_RightArm/mixamorig_RightForeArm/mixamorig_RightHand/mixamorig_RightHandPinky1/mixamorig_RightHandPinky2","关节/mixamorig_Hips/mixamorig_Spine/mixamorig_Spine1/mixamorig_Spine2/mixamorig_RightShoulder/mixamorig_RightArm/mixamorig_RightForeArm/mixamorig_RightHand/mixamorig_RightHandPinky1/mixamorig_RightHandPinky2/mixamorig_RightHandPinky3","关节/mixamorig_Hips/mixamorig_Spine/mixamorig_Spine1/mixamorig_Spine2/mixamorig_RightShoulder/mixamorig_RightArm/mixamorig_RightForeArm/mixamorig_RightHand/mixamorig_RightHandPinky1/mixamorig_RightHandPinky2/mixamorig_RightHandPinky3/mixamorig_RightHandPinky4","关节/mixamorig_Hips/mixamorig_RightUpLeg","关节/mixamorig_Hips/mixamorig_RightUpLeg/mixamorig_LeftLeg","关节/mixamorig_Hips/mixamorig_RightUpLeg/mixamorig_LeftLeg/mixamorig_LeftFoot","关节/mixamorig_Hips/mixamorig_RightUpLeg/mixamorig_LeftLeg/mixamorig_LeftFoot/mixamorig_LeftToeBase","关节/mixamorig_Hips/mixamorig_RightUpLeg/mixamorig_LeftLeg/mixamorig_LeftFoot/mixamorig_LeftToeBase/mixamorig_LeftToe_End","关节/mixamorig_Hips/mixamorig_RightUpLeg_2","关节/mixamorig_Hips/mixamorig_RightUpLeg_2/mixamorig_RightLeg","关节/mixamorig_Hips/mixamorig_RightUpLeg_2/mixamorig_RightLeg/mixamorig_RightFoot","关节/mixamorig_Hips/mixamorig_RightUpLeg_2/mixamorig_RightLeg/mixamorig_RightFoot/mixamorig_RightToeBase","关节/mixamorig_Hips/mixamorig_RightUpLeg_2/mixamorig_RightLeg/mixamorig_RightFoot/mixamorig_RightToeBase/mixamorig_LeftToe_End_2"],[[[7,1,-1.7305636108285946e-29,9.742207041085749e-15,0,0,1,1.7763568394002505e-15,0,-9.742207041085749e-15,-1.7763568394002505e-15,1,0,-3.814697180359872e-8,-0.7171837687492371,-0.11863160133361816,1],[7,1,3.2279146591839226e-19,-2.7753697915638418e-17,0,1.735493991486226e-29,0.9999323487281799,0.01162978820502758,0,2.7755575615628914e-17,-0.01162978820502758,0.9999323487281799,0,-3.8146975356312396e-8,-0.8327028751373291,-0.12768156826496124,1],[7,1,3.227948521890249e-19,8.604246969690684e-16,0,-1.0329326909388552e-17,0.9999323487281799,0.011629783548414707,0,-8.603627576848005e-16,-0.011629783548414707,0.9999323487281799,0,-3.8146975356312396e-8,-0.8911877870559692,-0.12761174142360687,1],[7,1,3.227948521890249e-19,-2.7753697915638418e-17,0,-3.519690677538987e-24,0.9999323487281799,0.011629783548414707,0,2.7755575615628914e-17,-0.011629783548414707,0.9999323487281799,0,-3.8146975356312396e-8,-0.9648878574371338,-0.12761174142360687,1],[7,1,1.1775428739323234e-15,1.0121773346772125e-13,0,-1.1775428739323234e-15,1,1.635844237846129e-15,0,-1.0121773346772125e-13,-1.635844237846129e-15,1,0,-3.814696114545768e-8,-1.0492136478424072,-0.11541742086410522,1],[7,1,1.1775428739323234e-15,-5.363673508161984e-15,0,-1.1775428739323234e-15,1,-1.4224732503009818e-16,0,5.363673508161984e-15,1.4224732503009818e-16,1,0,-3.814697180359872e-8,-1.0931763648986816,-0.11588402837514877,1],[7,1,1.1775428739323234e-15,-5.363673508161984e-15,0,-1.1775428739323234e-15,1,-1.457167719820518e-16,0,5.363673508161984e-15,1.457167719820518e-16,1,0,-3.814697180359872e-8,-1.741969347000122,-0.11793294548988342,1],[7,-0.0046868836507201195,0.9649047255516052,-0.26255837082862854,0,-0.011739431880414486,-0.2625962495803833,-0.9648343920707703,0,-0.999920129776001,-0.0014397803461179137,0.012558192014694214,0,0.12802530825138092,0.20333674550056458,1.0306509733200073,1],[7,0.003944264724850655,0.7534661293029785,-0.657474935054779,0,-0.014087856747210026,-0.6573728919029236,-0.7534337043762207,0,-0.9998930096626282,0.012234154157340527,0.008021869696676731,0,0.12851127982139587,0.5350441336631775,0.8342642784118652,1],[7,0.007419626694172621,0.749530553817749,-0.6619281768798828,0,-0.0171198770403862,-0.6617541909217834,-0.7495254278182983,0,-0.9998258948326111,0.016893329098820686,0.00792190246284008,0,0.13068172335624695,0.3957397937774658,0.8369855880737305,1],[7,-0.08336720615625381,0.7528182864189148,-0.6529276371002197,0,-0.018649129197001457,-0.6562723517417908,-0.7542935609817505,0,-0.9963443875312805,-0.05070681497454643,0.06875099986791611,0,0.16612735390663147,0.23134121298789978,0.8315609693527222,1],[7,0.48557817935943604,0.3587550222873688,-0.7971879839897156,0,-0.48652297258377075,-0.6467328667640686,-0.5873942375183105,0,-0.7262983322143555,0.6730760931968689,-0.1394968330860138,0,0.27923980355262756,0.25574684143066406,0.7755300998687744,1],[7,0.48557817935943604,0.31278055906295776,-0.8163223266601562,0,-0.48652297258377075,-0.6791301965713501,-0.5496158003807068,0,-0.7262983322143555,0.6640410423278809,-0.17759589850902557,0,0.28100529313087463,0.27418676018714905,0.7648905515670776,1],[7,0.48557817935943604,0.3590691387653351,-0.7970465421676636,0,-0.48652297258377075,-0.646501362323761,-0.5876490473747253,0,-0.7262983322143555,0.673130989074707,-0.1392315924167633,0,0.2844499945640564,0.18808652460575104,0.787659764289856,1],[7,0.48557817935943604,0.3590691089630127,-0.7970465421676636,0,-0.48652297258377075,-0.646501362323761,-0.5876490473747253,0,-0.7262983322143555,0.673130989074707,-0.1392315924167633,0,0.2862274944782257,0.16021238267421722,0.7928699851036072,1],[7,-0.06079445034265518,0.7605703473091125,-0.6464029550552368,0,-0.038286082446575165,-0.648901104927063,-0.75990891456604,0,-0.9974157810211182,-0.02145000547170639,0.06856884807348251,0,0.1954171359539032,0.16382525861263275,0.8470451831817627,1],[7,-0.15285855531692505,0.700215756893158,-0.6973751783370972,0,-0.12897947430610657,-0.7137677073478699,-0.6884039044380188,0,-0.9797951579093933,-0.015281354077160358,0.19941896200180054,0,0.32011738419532776,0.18770559132099152,0.8169350028038025,1],[7,-0.12798742949962616,0.8155727386474609,-0.5643228888511658,0,-0.1536901444196701,-0.5784387588500977,-0.8011166453361511,0,-0.9797951579093933,-0.015801984816789627,0.1993783861398697,0,0.33786341547966003,0.007504925597459078,0.8519628047943115,1],[7,-0.12798742949962616,0.8155727386474609,-0.5643228888511658,0,-0.1536901444196701,-0.5784388184547424,-0.8011166453361511,0,-0.9797951579093933,-0.015801982954144478,0.1993783861398697,0,0.34507423639297485,-0.005707687698304653,0.8620082139968872,1],[7,-0.012685715220868587,0.7501528263092041,-0.6611427664756775,0,-0.07986673712730408,-0.6598436236381531,-0.7471463680267334,0,-0.9967248439788818,0.043325234204530716,0.068282850086689,0,0.18275302648544312,0.16998113691806793,0.8481939435005188,1],[7,-0.012685715220868587,0.7448733448982239,-0.6670852899551392,0,-0.07986673712730408,-0.6657623052597046,-0.7418772578239441,0,-0.9967248439788818,0.043866682797670364,0.06793627887964249,0,0.18158842623233795,0.12194641679525375,0.8797582983970642,1],[7,-0.012685715220868587,0.7401406764984131,-0.6723324060440063,0,-0.07986673712730408,-0.6709882616996765,-0.7371540069580078,0,-0.9967248439788818,0.0443456694483757,0.06762459129095078,0,0.18420706689357758,0.104700967669487,0.8954153656959534,1],[7,-0.012685715220868587,0.7401406764984131,-0.6723323464393616,0,-0.07986673712730408,-0.6709882616996765,-0.7371540665626526,0,-0.9967248439788818,0.0443456694483757,0.06762459129095078,0,0.18769797682762146,0.08471481502056122,0.9171716570854187,1],[7,-0.039409078657627106,0.9639158248901367,-0.2632739543914795,0,-0.056814972311258316,-0.2652139663696289,-0.9625142216682434,0,-0.997606635093689,-0.02297389507293701,0.06521669030189514,0,0.13901174068450928,-0.2368023693561554,0.8407000303268433,1],[7,-0.039409078657627106,0.9607017636299133,-0.27477097511291504,0,-0.056814972311258316,-0.27669408917427063,-0.9592770338058472,0,-0.997606635093689,-0.022193117067217827,0.06548650562763214,0,0.1393905133008957,-0.2677558362483978,0.8422591686248779,1],[7,0.11289023607969284,0.9243649840354919,-0.3644244372844696,0,-0.11579107493162155,-0.35203105211257935,-0.9287984371185303,0,-0.9868375062942505,0.14704936742782593,0.06729234755039215,0,0.10620873421430588,-0.22920146584510803,0.8711909055709839,1],[7,0.11289023607969284,0.9243649840354919,-0.3644244372844696,0,-0.11579107493162155,-0.35203105211257935,-0.9287984371185303,0,-0.9868375062942505,0.14704936742782593,0.06729234755039215,0,0.10380416363477707,-0.25615978240966797,0.8821601271629333,1],[7,-0.0072664231993258,0.9804823994636536,-0.1964724212884903,0,-0.08452767133712769,-0.19637666642665863,-0.9768783450126648,0,-0.9963946342468262,0.009508945047855377,0.08430485427379608,0,0.10881917923688889,-0.29645347595214844,0.8227649927139282,1],[7,-0.0072664231993258,0.9622856378555298,-0.2719440758228302,0,-0.08452767133712769,-0.27156901359558105,-0.9586998224258423,0,-0.9963946342468262,0.016020480543375015,0.08331310003995895,0,0.10882152616977692,-0.26831743121147156,0.8434808850288391,1],[7,-0.0072664231993258,0.9614323973655701,-0.2749454379081726,0,-0.08452767133712769,-0.2745591700077057,-0.9578477740287781,0,-0.9963946342468262,0.016280369833111763,0.08326270431280136,0,0.10582970827817917,-0.28656286001205444,0.8453758955001831,1],[7,-0.0072664231993258,0.9614323973655701,-0.2749454081058502,0,-0.08452767133712769,-0.2745591402053833,-0.9578477740287781,0,-0.9963946342468262,0.016280367970466614,0.08326270431280136,0,0.10582873970270157,-0.30991047620773315,0.8548715710639954,1],[7,-0.0046868836507201195,0.9649047255516052,0.26255837082862854,0,-0.014289864338934422,0.2624698281288147,-0.9648343920707703,0,-0.9998869299888611,-0.008273989893496037,0.012558192014694214,0,0.12999458611011505,-0.20208345353603363,1.0306509733200073,1],[7,0.003944264724850655,0.7534661293029785,0.657474935054779,0,-0.007204806432127953,0.6574843525886536,-0.7534337043762207,0,-0.9999662637710571,-0.001765237539075315,0.008021869696676731,0,0.12290266901254654,-0.5363602638244629,0.8342642784118652,1],[7,0.007419626694172621,0.749530553817749,0.6619281768798828,0,-0.004016355145722628,0.6619634032249451,-0.7495254278182983,0,-0.9999644160270691,0.0029026600532233715,0.00792190246284008,0,0.12282199412584305,-0.39824923872947693,0.8369855880737305,1],[7,-0.08336720615625381,0.7528182864189148,0.6529276371002197,0,-0.161787748336792,0.6362907290458679,-0.7542935609817505,0,-0.9832978248596191,-0.1685190498828888,0.06875099986791611,0,0.21271894872188568,-0.189387708902359,0.8315609693527222,1],[7,0.48557817935943604,0.3587550222873688,0.7971879839897156,0,0.7611258625984192,0.2750553786754608,-0.5873942375183105,0,-0.43000146746635437,0.8919861912727356,-0.1394968330860138,0,-0.32649701833724976,-0.19178378582000732,0.7755300998687744,1],[7,0.48557817935943604,0.31278055906295776,0.8163223266601562,0,0.8195300102233887,0.16215133666992188,-0.5496158003807068,0,-0.30427688360214233,0.9358820915222168,-0.17759589850902557,0,-0.3658455014228821,-0.14247602224349976,0.7648905515670776,1],[7,0.48557817935943604,0.3590691387653351,0.7970465421676636,0,0.7606741189956665,0.27575990557670593,-0.5876490473747253,0,-0.43080011010169983,0.8916422128677368,-0.1392315924167633,0,-0.2631716728210449,-0.21686170995235443,0.787659764289856,1],[7,0.48557817935943604,0.3590691387653351,0.7970465421676636,0,0.7606741189956665,0.27575990557670593,-0.5876490473747253,0,-0.43080011010169983,0.8916422128677368,-0.1392315924167633,0,-0.23704150319099426,-0.22672784328460693,0.7928699851036072,1],[7,-0.06079445034265518,0.7605703473091125,0.6464029550552368,0,-0.14087821543216705,0.6345800161361694,-0.75990891456604,0,-0.9881585836410522,-0.13726232945919037,0.06856884807348251,0,0.21895958483219147,-0.13070300221443176,0.8470451831817627,1],[7,-0.15285855531692505,0.700215756893158,0.6973751783370972,0,-0.41470375657081604,0.595080554485321,-0.6884039044380188,0,-0.8970256447792053,-0.39443254470825195,0.19941896200180054,0,0.36921951174736023,-0.03722190856933594,0.8169350028038025,1],[7,-0.12798742949962616,0.8155727386474609,0.5643228888511658,0,-0.32348698377609253,0.5035555958747864,-0.8011166453361511,0,-0.937536895275116,-0.28508397936820984,0.1993783861398697,0,0.32392120361328125,0.0963486060500145,0.8519628047943115,1],[7,-0.12798742949962616,0.8155727386474609,0.5643228888511658,0,-0.32348698377609253,0.5035555958747864,-0.8011166453361511,0,-0.937536895275116,-0.28508397936820984,0.1993783861398697,0,0.326738178730011,0.11113487929105759,0.8620082139968872,1],[7,-0.012685715220868587,0.7501528263092041,0.6611427664756775,0,-0.10213171690702438,0.656765878200531,-0.7471463680267334,0,-0.9946900010108948,-0.07700173556804657,0.068282850086689,0,0.1883959323167801,-0.16370469331741333,0.8481939435005188,1],[7,-0.012685715220868587,0.7448733448982239,0.6670852899551392,0,-0.10249064117670059,0.6626566052436829,-0.7418772578239441,0,-0.994653046131134,-0.07778124511241913,0.06793627887964249,0,0.18563558161258698,-0.11569233238697052,0.8797582983970642,1],[7,-0.012685715220868587,0.7401406764984131,0.6723324060440063,0,-0.10281401127576828,0.6678571701049805,-0.7371540069580078,0,-0.9946197271347046,-0.07847651839256287,0.06762459129095078,0,0.18768689036369324,-0.09832685440778732,0.8954153656959534,1],[7,-0.012685716152191162,0.7401406764984131,0.6723323464393616,0,-0.10281401127576828,0.6678571701049805,-0.7371540665626526,0,-0.9946197271347046,-0.07847651839256287,0.06762459129095078,0,0.19049082696437836,-0.07823280990123749,0.9171716570854187,1],[7,-0.039409078657627106,0.9639158248901367,0.2632739543914795,0,-0.07827536761760712,0.25969088077545166,-0.9625142216682434,0,-0.9961525201797485,-0.05853966251015663,0.06521669030189514,0,0.11921708285808563,0.24735988676548004,0.8407000303268433,1],[7,-0.039409078657627106,0.9607017636299133,0.27477097511291504,0,-0.07928656041622162,0.27111107110977173,-0.9592770338058472,0,-0.9960725903511047,-0.059589870274066925,0.06548650562763214,0,0.1169917955994606,0.27827292680740356,0.8422591686248779,1],[7,0.11289023607969284,0.9243649840354919,0.3644244372844696,0,-0.027666166424751282,0.3695510923862457,-0.9287984371185303,0,-0.9932222366333008,0.09477005153894424,0.06729234755039215,0,0.15824787318706512,0.19690409302711487,0.8711909055709839,1],[7,0.11289023607969284,0.9243649840354919,0.3644244372844696,0,-0.027666166424751282,0.3695510923862457,-0.9287984371185303,0,-0.9932222366333008,0.09477005153894424,0.06729234755039215,0,0.16240189969539642,0.22364875674247742,0.8821601271629333,1],[7,-0.0072664231993258,0.9804823994636536,0.1964724212884903,0,-0.08742894977331161,0.1951022744178772,-0.9768783450126648,0,-0.9961442351341248,-0.02427578903734684,0.08430485427379608,0,0.10441339015960693,0.29803377389907837,0.8227649927139282,1],[7,-0.0072664231993258,0.9622856378555298,0.2719440758228302,0,-0.08861915022134781,0.2702615261077881,-0.9586998224258423,0,-0.996039092540741,-0.031065771356225014,0.08331310003995895,0,0.10475710034370422,0.2699302136898041,0.8434808850288391,1],[7,-0.0072664231993258,0.9614323973655701,0.2749454379081726,0,-0.08866796642541885,0.27325019240379333,-0.9578477740287781,0,-0.9960347414016724,-0.03133897855877876,0.08326270431280136,0,0.10148623585700989,0.2881297469139099,0.8453758955001831,1],[7,-0.0072664231993258,0.9614323973655701,0.2749454081058502,0,-0.08866796642541885,0.27325016260147095,-0.9578477740287781,0,-0.9960347414016724,-0.03133897855877876,0.08326270431280136,0,0.1011323630809784,0.31147468090057373,0.8548715710639954,1],[7,-0.9997187852859497,-0.023712676018476486,-9.506910016165993e-12,0,0.023703360930085182,-0.9993261098861694,-0.028027119114995003,0,0.0006645979592576623,-0.028019238263368607,0.9996071457862854,0,0.08534597605466843,0.6536807417869568,-0.10336251556873322,1],[7,-0.999999463558197,0.0010636295191943645,-0.00001868096114776563,0,-0.0010611009784042835,-0.9985631108283997,-0.0535774752497673,0,-0.000075640702561941,-0.05357742682099342,0.9985637068748474,0,0.1216212585568428,0.35400256514549255,-0.1117870956659317,1],[7,-0.9978870749473572,-0.0522007942199707,-0.03868475556373596,0,-0.027723688632249832,-0.19638022780418396,0.9801357984542847,0,-0.05876079201698303,0.9791373014450073,0.1945180892944336,0,0.12586086988449097,-0.04357831925153732,-0.05629527196288109,1],[7,-0.9985212683677673,-0.03369803726673126,0.04265885800123215,0,0.025167297571897507,0.40900546312332153,0.9121848344802856,0,-0.048186544328927994,0.9119095206260681,-0.4075525403022766,0,0.12264222651720047,-0.1629987210035324,0.03881305828690529,1],[7,-0.9985212683677673,-0.03369803726673126,0.04265885800123215,0,0.025167297571897507,0.40900546312332153,0.9121848344802856,0,-0.048186544328927994,0.9119095206260681,-0.4075525403022766,0,0.12264222651720047,-0.20201382040977478,0.03881305828690529,1],[7,-0.9997187852859497,-0.023712676018476486,-9.506910016165993e-12,0,0.023703360930085182,-0.9993261098861694,-0.028027119114995003,0,0.0006645979592576623,-0.028019238263368607,0.9996071457862854,0,-0.11624231934547424,0.6488991975784302,-0.10336251556873322,1],[7,-0.999999463558197,0.001063630566932261,-0.00001872065695351921,0,-0.001061102608218789,-0.998565137386322,-0.05354016646742821,0,-0.0000756407534936443,-0.05354011803865433,0.998565673828125,0,-0.12086375057697296,0.3542563021183014,-0.11180486530065536,1],[7,-0.9978870749473572,-0.0522007942199707,0.03868475556373596,0,0.048062123358249664,-0.1924157738685608,0.9801357984542847,0,-0.0437203124165535,0.9799240827560425,0.1945180892944336,0,-0.12062708288431168,-0.05647243186831474,-0.05629527196288109,1],[7,-0.9985212087631226,-0.03369805961847305,-0.04265885800123215,0,-0.05268482491374016,0.4063781201839447,0.9121848344802856,0,-0.013403232209384441,0.9130833745002747,-0.4075525403022766,0,-0.11137395352125168,-0.17089629173278809,0.03881305828690529,1],[7,-0.9985212087631226,-0.03369805961847305,-0.04265885800123215,0,-0.05268482491374016,0.4063781201839447,0.9121848344802856,0,-0.013403232209384441,0.9130833745002747,-0.4075525403022766,0,-0.1087435856461525,-0.2098226249217987,0.03881305828690529,1]],8,8,8,8,8,8,8,8,8,8,8,8,8,8,8,8,8,8,8,8,8,8,8,8,8,8,8,8,8,8,8,8,8,8,8,8,8,8,8,8,8,8,8,8,8,8,8,8,8,8,8,8,8,8,8,8,8,8,8,8,8,8,8,8,8]]],0,0,[],[],[]],[[[9,[{"rasterizerState":{},"depthStencilState":{},"blendState":{"targets":[{}]}},{"rasterizerState":{},"depthStencilState":{},"blendState":{"targets":[{}]}},{"rasterizerState":{},"depthStencilState":{},"blendState":{"targets":[{}]}}],[{"USE_TEXTURE":true},{},{}],[[[{},"mainTexture",6,0],{},{}],11,0,0]]],0,0,[0,0],[2,3],[0,1]],[[[10,"流音"],[11,"流音",[-3,-4],[[16,-2,[6,"a77h6SxANUBbWoGLUZmdmQ"]]],[0,"83fSIofB9YcJxPeVWp81wZ",null,null,null,-1,0]],[4,"mixamorig_LeftHand",[-5,-6,-7,-8,-9],[0,"fflT7E2qFeqb/dNqECIn+u",null,null,null,1,0],[1,0.00007116323104128242,0.16697032749652863,-0.0015942315803840756],[3,-0.004442056584472314,-0.030516376330659917,-0.03365899579620523,0.9989575020544852],[1,-0.6276161314154564,-3.5205218444943416,-3.840357225047876]],[4,"mixamorig_RightHand",[-10,-11,-12,-13,-14],[0,"f4dZQx1W5Xv7Y8SijPe2c1",null,null,null,1,0],[1,-0.0032342160120606422,-0.16693900525569916,-0.0015942315803840756],[3,0.007478148793603064,-0.029917527458844687,-0.08635914460998993,0.9957866824694941],[1,0.5657411281373567,-3.392620280140758,-9.929601493616143]],[5,"mixamorig_Hips",[-15,-16,-17],[0,"dbDnQLkaZcDodvCQFB16WV",null,null,null,1,0],[1,3.8146975356312396e-8,0.7171837687492371,0.11863160133361816]],[5,"mixamorig_Spine2",[-18,-19,-20],[0,"6eQfzWjx9WGp7+amBwrUUt",null,null,null,1,0],[1,-3.462565801873908e-17,0.07370004802942276,-2.992528794210081e-11]],[12,"关节",1,[4],[0,"e04zyFhu9RiaubVyznYU3w",null,null,null,1,0]],[1,"mixamorig_Spine",4,[-21],[0,"ffOH4tPvpXcaYT+z6BY7VY",null,null,null,1,0],[1,2.865389624240334e-18,0.1169477179646492,-0.0006428364431485534],[3,-0.0058149924762980355,-4.884898822816793e-15,-2.840612728016906e-17,0.9999830927883234],[1,-0.6663528089779736,-5.597776360687116e-13,3.312148187911076e-22]],[13,"mixamorig_Spine1",7,[5],[0,"15l1Iqg7de9qbQ0HeXclxU",null,null,null,1,0],[1,-2.1919450780236555e-17,0.058484919369220734,-0.00006981345359236002]],[1,"mixamorig_Neck",5,[-22],[0,"2bVV8r9X5bXKgjw+mWq1qq",null,null,null,1,0],[1,-5.845369075046006e-17,0.08291251212358475,-8.2479037488703e-11],[3,0.00581499014807028,5.062531376446305e-14,-2.943907008429333e-16,0.9999830928018622],[1,0.6663525421782143,5.801331714738488e-12,-2.605549046225628e-21]],[15,"mixamorig_Head",9,[[2,"mixamorig_HeadTop_End",-23,[0,"15uBeixvhaOKe9O7hIwgE2",null,null,null,1,0],[1,-5.174973731634158e-16,0.6487929224967957,0.0020489240996539593]]],[0,"6dxtQYcZJXUrBgekewU2rS",null,null,null,1,0],[1,-1.2052230636156467e-16,0.0439627543091774,0.0004666027962230146]],[1,"mixamorig_LeftShoulder",5,[-24],[0,"4fs+IVN8RWXJhxBEshgm4G",null,null,null,1,0],[1,0.07500545680522919,0.0830054059624672,-0.00005161075387150049],[3,-0.5604770835614566,-0.4303453905668743,0.5631574448591443,-0.4283946497331728],[1,105.22212115356227,90.26854205003302,-0.006291867975238871]],[1,"mixamorig_LeftArm",11,[-25],[0,"04/XfN0E5Yhpkrda+7aBEz",null,null,null,1,0],[1,0.0005669468664564192,0.08505517244338989,0.04650251194834709],[3,0.22397873367946794,0.0010017516575809955,0.004358857048218733,0.9745837694719689],[1,25.88592600950146,-4.302280448484193e-8,0.512510981884216]],[1,"mixamorig_LeftForeArm",12,[2],[0,"43Qx7UP2hZj7gjghMrm7x5",null,null,null,1,0],[1,-0.0003665787517093122,0.14367254078388214,-0.0050516799092292786],[3,0.002962954295845446,0.00000683260385089823,0.0023062745678426766,0.9999929509515425],[1,0.3395309520772798,-9.51636465564337e-8,0.2642809923548067]],[1,"mixamorig_LeftHandThumb1",2,[-26],[0,"fe2sxnx9tfv7NiTrWnNIJX",null,null,null,1,0],[1,-0.01892518810927868,0.02191099338233471,0.01503001432865858],[3,0.13952709796228122,0.05950284403090734,0.38773939185187906,0.9092028181284926],[1,17.449197703557875,2.2659050836400413e-7,46.19269808739389]],[1,"mixamorig_LeftHandThumb2",14,[-27],[0,"32EWu1fp1Tn6VM6xDw3Yi/",null,null,null,1,0],[1,-0.001765502616763115,0.025558320805430412,-0.0037318619433790445],[3,0.028481881442510213,3.322203550641457e-13,-9.604934977485528e-15,0.999594308922122],[1,3.2642246327054165,3.808555233572379e-11,-1.5902738715613788e-14]],[3,"mixamorig_LeftHandThumb3",15,[[2,"mixamorig_LeftHandThumb4",-28,[0,"8ahXyFegBYhrtt+0xJUgDj",null,null,null,1,0],[1,-0.0017775088781490922,0.027874141931533813,-0.005210230592638254]]],[0,"8d+3gIE5JUVq+kl95w+IU2",null,null,null,1,0],[1,-0.0034446849022060633,0.04124988615512848,-0.010689782910048962],[3,-0.028678827260135847,-3.334650024874912e-13,-9.28965097812835e-15,0.9995886778405321],[1,-3.286802183996949,-3.822708601910874e-11,3.1805490510750836e-14]],[1,"mixamorig_LeftHandIndex1",2,[-29],[0,"e4N0ot28dYPIo+CwI/ofkc",null,null,null,1,0],[1,-0.02408001571893692,0.05445576086640358,-0.014042273163795471],[3,-0.004304637146256776,-0.00006443915399069292,0.014968888643302057,0.9998786918018698],[1,-0.493331886723004,4.926320557246794e-7,1.715388246184382]],[1,"mixamorig_LeftHandIndex2",17,[-30],[0,"f8FVM8czJdZ6KTeymut5Lf",null,null,null,1,0],[1,-0.015652650967240334,0.05242609605193138,-0.017900560051202774],[3,0.04431380336393524,-0.06514988101738768,-0.0028960548838810056,0.9968868505005732],[1,5.047420497805173,-7.449141932013117,-0.6616753129167409]],[3,"mixamorig_LeftHandIndex3",18,[[2,"mixamorig_LeftHandIndex4",-31,[0,"edRHyP7Ylb/51Yf2KWYH0c",null,null,null,1,0],[1,-0.00721082603558898,0.013212619349360466,-0.010045420378446579]]],[0,"fdyA9g9xtSZoJZsK21brP2",null,null,null,1,0],[1,-0.012370898388326168,0.020561333745718002,-0.02065853215754032],[3,-0.08717746969755158,-0.0013621970912897,0.017476906873872485,0.9960385489138153],[1,-10.004375672603949,0.019124674771747438,2.0087919744274947]],[1,"mixamorig_LeftHandMiddle1",2,[-32],[0,"0czzoYlFRTBqbe4eZH4THG",null,null,null,1,0],[1,-0.0008140283753164113,0.054247207939624786,-0.018435223028063774],[3,0.005443602008230806,0.00025478969397484965,0.04675295323463935,0.9988916175658034],[1,0.6244768096676696,3.2450209328470953e-7,5.359527135340801]],[1,"mixamorig_LeftHandMiddle2",20,[-33],[0,"54UAUAR8VRAKcYTbQ//EZW",null,null,null,1,0],[1,0.0011645978083834052,0.05503226816654205,-0.03250598907470703],[3,0.003974810353264317,8.303163780996706e-17,-5.931110150183355e-17,0.9999921004101259],[1,0.4554809145853367,9.541664666337159e-15,-6.7586786719406655e-15]],[3,"mixamorig_LeftHandMiddle3",21,[[2,"mixamorig_LeftHandMiddle4",-34,[0,"ea73x1PL1XQod1spvdoDs7",null,null,null,1,0],[1,-0.0034909010864794254,0.019986119121313095,-0.021756300702691078]]],[0,"17RwE8r3Zeob9QJ+4q1r6z",null,null,null,1,0],[1,-0.002618648111820221,0.023575665429234505,-0.016374601051211357],[3,0.0035333543190312735,5.481446751859784e-16,-8.875739106099353e-18,0.9999937576841449],[1,0.40489342250085364,6.281595452531471e-14,-7.951387209583741e-16]],[1,"mixamorig_LeftHandRing1",2,[-35],[0,"41FfFz6ZBRZbNXa1z2M8zK",null,null,null,1,0],[1,0.03599829971790314,0.0749371126294136,-0.02912505716085434],[3,-0.2208126229842056,-0.006431501482586223,0.028394917572907078,0.9748816081840618],[1,-25.524535954883667,4.270403116189891e-7,3.3367109289658967]],[1,"mixamorig_LeftHandRing2",23,[-36],[0,"650qMw1k5RSq64v8seYlOk",null,null,null,1,0],[1,-0.00037877418799325824,0.040996748954057693,0.0016998652135953307],[3,0.005973554562230006,1.1660449076923156e-15,4.854658397660771e-17,0.9999821581637804],[1,0.6845230012677296,1.3358328880465485e-13,6.361109301421166e-15]],[3,"mixamorig_LeftHandRing3",24,[[2,"mixamorig_LeftHandRing4",-37,[0,"6cAiYbldRXcYog2Nzaogky",null,null,null,1,0],[1,0.002404568251222372,0.026958318427205086,-0.010969219729304314]]],[0,"b7kYrcYWxct40iK5bYdSm9",null,null,null,1,0],[1,-0.002784116193652153,0.02253151871263981,-0.005270681343972683],[3,0.04719606717023057,-0.0038753877750902165,0.08174527315350591,0.9955276103304792],[1,5.501753704779802,-0.8961324317221324,9.345853629798963]],[1,"mixamorig_LeftHandPinky1",2,[-38],[0,"99jQWd419babQkZC46XT4i",null,null,null,1,0],[1,0.07254840433597565,0.07502222061157227,-0.030689535662531853],[3,-0.2537141480178196,-0.012784927342975105,0.048676219564231446,0.965969100115196],[1,-29.432950212646645,9.386019055637398e-8,5.7695114782693055]],[1,"mixamorig_LeftHandPinky2",26,[-39],[0,"a6z5pazrNUsbQpgzSCk45o",null,null,null,1,0],[1,-0.0000023476084152207477,0.0364907942712307,0.00264161080121994],[3,0.03881820253479958,3.676188600338709e-16,-1.080900387826735e-17,0.999246289536252],[1,4.449356245354491,4.214234850345969e-14,3.9756926568450186e-16]],[3,"mixamorig_LeftHandPinky3",27,[[2,"mixamorig_LeftHandPinky4",-40,[0,"adBTBdUgBen5CRBKQHT1B5",null,null,null,1,0],[1,9.72934003584669e-7,0.023347578942775726,-0.009495680220425129]]],[0,"89voeMJ/tZirPo2cvJ3ggy",null,null,null,1,0],[1,0.0029918134678155184,0.02088191919028759,-0.000996714225038886],[3,0.0015601873939099322,-3.470362719567975e-16,-5.843922355491385e-17,0.9999987829069072],[1,0.17878437837352454,-3.975693102547907e-14,-6.758678223983222e-15]],[1,"mixamorig_RightShoulder",5,[-41],[0,"65ftDEdetd+6DBjh0n971H",null,null,null,1,0],[1,-0.07500553876161575,0.0830054059624672,-0.00005161075387150049],[3,0.4276179054994093,0.5625607940740392,-0.43112501297906536,0.561069962705976],[1,74.77862168065928,90.26853852541917,-0.15243290553498115]],[1,"mixamorig_RightArm",29,[-42],[0,"c1LPS5V2ZQ0bqtF8OHEQOP",null,null,null,1,0],[1,0.0013931868597865105,-0.08504565060138702,0.04650251194834709],[3,-0.22397832338978513,0.0010862952217842391,0.0054767899575627116,0.9745781320068456],[1,-25.887359092668593,0.26189767717874984,0.5837685098596931]],[1,"mixamorig_RightForeArm",30,[3],[0,"a7LgQCTUtZ07UHhdgTfOIX",null,null,null,1,0],[1,-0.001870719250291586,-0.14366082847118378,-0.0050516799092292786],[3,-0.0029625116831654644,0.00005166994294696113,0.002357630486468534,0.9999928311909209],[1,-0.33949611830007836,0.006721337240904029,0.27014607636118243]],[1,"mixamorig_RightHandThumb1",3,[-43],[0,"a3eNO2mIFTxILrm9OI0v3h",null,null