[1,["a3zQCfCrBCDZJ4uf2rk5u8","2fG9kXBpxLdYKldYAuslF2@a76d7","75GRWC8fBPdLOCr+fqOWTY","88G4BBd6hJuYE5ajudQW6M","61FDv6OhtPqK8srLiQWFtJ","a0X46kalxI7rAIyoAO2Dbm","12Y9dMgWdJKJGmTiZyQR9H@fc873","2fG9kXBpxLdYKldYAuslF2@180d7","2fG9kXBpxLdYKldYAuslF2@30732","2fG9kXBpxLdYKldYAuslF2@b21bf","2fG9kXBpxLdYKldYAuslF2@f1394","85aT4qWqFJIrsP7RNRdTUV@6c48a","81iu48irFIkKpnhzCQAzKF@c2696","1dmrozgfxC+piopm8eXj3+@9292d","61fnoqiMdIPaukhqcmyoTb@57146","e02iDnF7RNMqWNObaEAvfU@6c48a"],["_parent","targetInfo","to","from","node","value","root","_mesh","clip","data","_skeleton","mainTexture","_effectAsset","asset","_graph","_anyState","_exitState","_entryState"],[["cc.Node",["_name","_objFlags","__editorExtras__","_prefab","_parent","_children","_lpos","_lrot","_euler","_components","_lscale"],0,4,1,2,5,5,5,9,5],["cc.Node",["_name","_parent","_children","_prefab","_lpos","_lrot","_euler"],2,1,9,4,5,5,5],["cc.ModelBakeSettings",["_castShadow","_receiveShadow"],1],["cc.Material",["_name","_states","_defines","_techIdx","_props"],-1,12],["cc.animation.AnimationTransition",["exitConditionEnabled","from","to","startEventBinding","endEventBinding","conditions"],2,1,1,4,4,9],["cc.animation.Motion",["name","speed","motion","transitionInEventBinding","transitionOutEventBinding"],1,4,4,4],["cc.Prefab",["_name"],2],["cc.Node",["_name","_children","_prefab","_lpos","_lrot","_euler"],2,12,4,5,5,5],["cc.PrefabInfo",["fileId","instance","targetOverrides","root","asset","nestedPrefabInstanceRoots"],0,1,1,2],["cc.PrefabInfo",["fileId","targetOverrides","nestedPrefabInstanceRoots","root","instance","asset"],0,1,4,6],["cc.PrefabInfo",["fileId","instance","targetOverrides","nestedPrefabInstanceRoots","root","asset"],-1,1,1],["cc.PrefabInstance",["fileId","prefabRootNode","mountedComponents","propertyOverrides","removedComponents"],2,1,9,9,9],["cc.MountedComponentsInfo",["targetInfo","components"],3,4,9],["cc.TargetInfo",["localID"],2],["cc.animation.AnimationController",["node","__prefab","_graph"],3,1,4,6],["cc.CompPrefabInfo",["fileId"],2],["CCPropertyOverrideInfo",["value","propertyPath","targetInfo"],1,1],["CCPropertyOverrideInfo",["propertyPath","targetInfo","value"],2,1,8],["CCPropertyOverrideInfo",["propertyPath","targetInfo","value"],2,1,6],["CCPropertyOverrideInfo",["propertyPath","targetInfo","value"],2,1,1],["cc.MeshRenderer",["_name","node","__prefab","_materials","bakeSettings","_mesh"],2,1,4,3,4,6],["cc.Mesh",["_native","_hash","_struct"],1,11],["cc.Skeleton",["_name","_hash","_joints","_bindposes"],0,12],["cc.SkeletalAnimation",["node","__prefab"],3,1,4],["cc.SkinnedMeshRenderer",["_shadowCastingMode","_materials","node","__prefab","bakeSettings","_skinningRoot","_mesh","_skeleton"],1,1,4,4,1,6,6],["cc.animation.AnimationGraph",["_layers","_variables"],3,9,11],["cc.animation.Layer",["_stateMachine"],3,4],["cc.animation.StateMachine",["_states","_transitions","_entryState","_exitState","_anyState"],3,2,9,1,1,1],["cc.animation.Transition",["from","to","conditions"],3,1,1,9],["cc.animation.TriggerCondition",["trigger"],2],["cc.animation.AnimationGraphEventBinding",[],3],["cc.animation.TriggerVariable",["_flags"],2],["cc.animation.ClipMotion",["clip"],3,6],["cc.animation.State",["name"],2]],[[10,0,1,2,3,4,5,5],[0,0,4,5,3,6,7,8,2],[30,1],[0,0,4,3,6,2],[1,0,1,2,3,4,5,6,2],[29,0,2],[0,0,4,5,3,6,2],[4,0,1,2,5,3,4,2],[13,0,2],[15,0,2],[0,0,4,3,6,7,8,2],[7,0,1,2,3,4,5,2],[17,0,1,2,2],[31,0,2],[32,0,1],[33,0,2],[6,0,2],[0,0,4,3,7,8,2],[0,0,4,9,3,2],[1,0,1,2,3,4,2],[18,0,1,2,2],[19,0,1,2,2],[2,0,1,3],[21,0,1,2,3],[22,0,1,2,3,4],[24,0,1,2,3,4,5,6,7,3],[5,0,1,2,3,4,3],[0,0,5,3,6,2],[0,1,2,3,3],[0,0,4,5,3,10,2],[0,0,4,9,3,7,10,8,2],[0,0,5,9,3,2],[0,0,4,5,3,2],[0,0,5,3,6,7,8,2],[8,0,1,2,3,4,5,4],[9,0,1,2,3,4,5,4],[11,0,1,2,3,4,2],[12,0,1,1],[14,0,1,2,1],[16,0,1,2,3],[20,0,1,2,3,4,5,2],[2,1],[23,0,1,1],[3,0,3,1,2,4,5],[3,0,1,2,4,4],[25,0,1,1],[26,0,1],[27,0,1,2,3,4,1],[28,0,1,2,1],[4,0,1,2,3,4,2],[5,0,2,3,4,2]],[[[[16,"017"],[27,"017",[-3,-4],[34,"7dJkqKp8JGvKimP7QD3ZCM",null,null,-2,0,[-1]],[1,54.993,0,0]],[28,0,{},[35,"6eiKDb2b5ZYoUf3Vu1qtY6",null,null,-17,[36,"7726g0+M5KGK2ZQgRayQYq",1,[[37,[8,["6eiKDb2b5ZYoUf3Vu1qtY6"]],[[38,-16,[9,"35/ZH70VNKqKGd78atz+mB"],1]]]],[[39,"Bunny",["_name"],-5],[12,["_lpos"],-6,[1,0,0,0]],[12,["_lrot"],-7,[3,0,0,0,1]],[12,["_euler"],-8,[1,0,0,0]],[12,["_lscale"],-9,[1,3,3,3]],[20,["_materials","0"],-10,2],[21,["_skinningRoot"],-12,-11],[20,["_materials","0"],-13,3],[21,["_skinningRoot"],-15,-14]],[[8,["32dCr0gEhQVKULbnC3uzkO"]]]],0]],[8,["6eiKDb2b5ZYoUf3Vu1qtY6"]],[29,"Main",1,[2],[0,"4dVPEL8jpNpbXacZcAvQcP",null,null,null,1,0],[1,1.5,1.5,1.5]],[8,["90gOTDWnhZFI0FRpbXMd56"]],[8,["d1frmWeiNYo4obi61r/kv2"]],[30,"Shadow",1,[[40,"Quad<ModelComponent>",-18,[9,"41VQAAnEdNHqEN1bsT1jUO"],[4],[41],5]],[0,"11MYuCBplHr4qn7yLLRX3m",null,null,null,1,0],[3,-0.7071067811865475,0,0,0.7071067811865476],[1,3,3,1],[1,-89.99999999999999,0,0]]],0,[0,-1,2,0,6,1,0,-1,4,0,-2,7,0,1,3,0,1,3,0,1,3,0,1,3,0,1,3,0,1,5,0,5,2,0,1,5,0,1,6,0,5,2,0,1,6,0,4,2,0,6,2,0,4,7,0,9,1,2,0,4,18],[0,0,0,0,0,0],[13,14,5,5,-1,7],[1,2,3,4,5,6]],[[[23,".bin",3472362439,[{"primitives":[{"primitiveMode":7,"jointMapIndex":0,"vertexBundelIndices":[0],"indexView":{"offset":6048,"length":792,"count":396,"stride":2}}],"vertexBundles":[{"view":{"offset":0,"length":6048,"count":84,"stride":72},"attributes":[{"name":"a_position","format":32,"isNormalized":false},{"name":"a_normal","format":32,"isNormalized":false},{"name":"a_texCoord","format":21,"isNormalized":false},{"name":"a_tangent","format":44,"isNormalized":false},{"name":"a_joints","format":42,"isNormalized":false},{"name":"a_weights","format":44,"isNormalized":false}]}],"jointMaps":[[0,7,9,33,34,36,37,42,48]]},"minPosition",8,[1,-0.17234498262405396,0.21547359228134155,0.03968369960784912],"maxPosition",8,[1,0.17234498262405396,0.5244821310043335,0.17053456604480743]]],-1],0,0,[],[],[]],[[[24,"Skin-0",2387644937,["Root_M","Root_M/Hip_R","Root_M/Hip_R/Knee_R","Root_M/Hip_R/Knee_R/Ankle_R","Root_M/Hip_R/Knee_R/Ankle_R/Toes_R","Root_M/Hip_R/Knee_R/Ankle_R/Toes_R/ToesEnd_R","Root_M/Spine1_M","Root_M/Spine1_M/Chest_M","Root_M/Spine1_M/Chest_M/Scapula_R","Root_M/Spine1_M/Chest_M/Scapula_R/Shoulder_R","Root_M/Spine1_M/Chest_M/Scapula_R/Shoulder_R/Elbow_R","Root_M/Spine1_M/Chest_M/Scapula_R/Shoulder_R/Elbow_R/Wrist_R","Root_M/Spine1_M/Chest_M/Scapula_R/Shoulder_R/Elbow_R/Wrist_R/MiddleFinger1_R","Root_M/Spine1_M/Chest_M/Scapula_R/Shoulder_R/Elbow_R/Wrist_R/MiddleFinger1_R/MiddleFinger2_R","Root_M/Spine1_M/Chest_M/Scapula_R/Shoulder_R/Elbow_R/Wrist_R/MiddleFinger1_R/MiddleFinger2_R/MiddleFinger3_R","Root_M/Spine1_M/Chest_M/Scapula_R/Shoulder_R/Elbow_R/Wrist_R/MiddleFinger1_R/MiddleFinger2_R/MiddleFinger3_R/MiddleFinger4_R","Root_M/Spine1_M/Chest_M/Scapula_R/Shoulder_R/Elbow_R/Wrist_R/ThumbFinger1_R","Root_M/Spine1_M/Chest_M/Scapula_R/Shoulder_R/Elbow_R/Wrist_R/ThumbFinger1_R/ThumbFinger2_R","Root_M/Spine1_M/Chest_M/Scapula_R/Shoulder_R/Elbow_R/Wrist_R/ThumbFinger1_R/ThumbFinger2_R/ThumbFinger3_R","Root_M/Spine1_M/Chest_M/Scapula_R/Shoulder_R/Elbow_R/Wrist_R/ThumbFinger1_R/ThumbFinger2_R/ThumbFinger3_R/ThumbFinger4_R","Root_M/Spine1_M/Chest_M/Scapula_R/Shoulder_R/Elbow_R/Wrist_R/IndexFinger1_R","Root_M/Spine1_M/Chest_M/Scapula_R/Shoulder_R/Elbow_R/Wrist_R/IndexFinger1_R/IndexFinger2_R","Root_M/Spine1_M/Chest_M/Scapula_R/Shoulder_R/Elbow_R/Wrist_R/IndexFinger1_R/IndexFinger2_R/IndexFinger3_R","Root_M/Spine1_M/Chest_M/Scapula_R/Shoulder_R/Elbow_R/Wrist_R/IndexFinger1_R/IndexFinger2_R/IndexFinger3_R/IndexFinger4_R","Root_M/Spine1_M/Chest_M/Scapula_R/Shoulder_R/Elbow_R/Wrist_R/Cup_R","Root_M/Spine1_M/Chest_M/Scapula_R/Shoulder_R/Elbow_R/Wrist_R/Cup_R/PinkyFinger1_R","Root_M/Spine1_M/Chest_M/Scapula_R/Shoulder_R/Elbow_R/Wrist_R/Cup_R/PinkyFinger1_R/PinkyFinger2_R","Root_M/Spine1_M/Chest_M/Scapula_R/Shoulder_R/Elbow_R/Wrist_R/Cup_R/PinkyFinger1_R/PinkyFinger2_R/PinkyFinger3_R","Root_M/Spine1_M/Chest_M/Scapula_R/Shoulder_R/Elbow_R/Wrist_R/Cup_R/PinkyFinger1_R/PinkyFinger2_R/PinkyFinger3_R/PinkyFinger4_R","Root_M/Spine1_M/Chest_M/Scapula_R/Shoulder_R/Elbow_R/Wrist_R/Cup_R/RingFinger1_R","Root_M/Spine1_M/Chest_M/Scapula_R/Shoulder_R/Elbow_R/Wrist_R/Cup_R/RingFinger1_R/RingFinger2_R","Root_M/Spine1_M/Chest_M/Scapula_R/Shoulder_R/Elbow_R/Wrist_R/Cup_R/RingFinger1_R/RingFinger2_R/RingFinger3_R","Root_M/Spine1_M/Chest_M/Scapula_R/Shoulder_R/Elbow_R/Wrist_R/Cup_R/RingFinger1_R/RingFinger2_R/RingFinger3_R/RingFinger4_R","Root_M/Spine1_M/Chest_M/Neck_M","Root_M/Spine1_M/Chest_M/Neck_M/Head_M","Root_M/Spine1_M/Chest_M/Neck_M/Head_M/HeadEnd_M","Root_M/Spine1_M/Chest_M/Neck_M/Head_M/HeadEnd_M/Ear_root","Root_M/Spine1_M/Chest_M/Neck_M/Head_M/HeadEnd_M/Ear_root/ear6","Root_M/Spine1_M/Chest_M/Neck_M/Head_M/HeadEnd_M/Ear_root/ear6/ear7","Root_M/Spine1_M/Chest_M/Neck_M/Head_M/HeadEnd_M/Ear_root/ear6/ear7/ear8","Root_M/Spine1_M/Chest_M/Neck_M/Head_M/HeadEnd_M/Ear_root/ear6/ear7/ear8/ear9","Root_M/Spine1_M/Chest_M/Neck_M/Head_M/HeadEnd_M/Ear_root/ear6/ear7/ear8/ear9/ear10","Root_M/Spine1_M/Chest_M/Neck_M/Head_M/HeadEnd_M/Ear_root/ear1","Root_M/Spine1_M/Chest_M/Neck_M/Head_M/HeadEnd_M/Ear_root/ear1/ear2","Root_M/Spine1_M/Chest_M/Neck_M/Head_M/HeadEnd_M/Ear_root/ear1/ear2/ear3","Root_M/Spine1_M/Chest_M/Neck_M/Head_M/HeadEnd_M/Ear_root/ear1/ear2/ear3/ear4","Root_M/Spine1_M/Chest_M/Neck_M/Head_M/HeadEnd_M/Ear_root/ear1/ear2/ear3/ear4/ear5","Root_M/Spine1_M/Chest_M/Scapula_L","Root_M/Spine1_M/Chest_M/Scapula_L/Shoulder_L","Root_M/Spine1_M/Chest_M/Scapula_L/Shoulder_L/Elbow_L","Root_M/Spine1_M/Chest_M/Scapula_L/Shoulder_L/Elbow_L/Wrist_L","Root_M/Spine1_M/Chest_M/Scapula_L/Shoulder_L/Elbow_L/Wrist_L/MiddleFinger1_L","Root_M/Spine1_M/Chest_M/Scapula_L/Shoulder_L/Elbow_L/Wrist_L/MiddleFinger1_L/MiddleFinger2_L","Root_M/Spine1_M/Chest_M/Scapula_L/Shoulder_L/Elbow_L/Wrist_L/MiddleFinger1_L/MiddleFinger2_L/MiddleFinger3_L","Root_M/Spine1_M/Chest_M/Scapula_L/Shoulder_L/Elbow_L/Wrist_L/MiddleFinger1_L/MiddleFinger2_L/MiddleFinger3_L/MiddleFinger4_L","Root_M/Spine1_M/Chest_M/Scapula_L/Shoulder_L/Elbow_L/Wrist_L/ThumbFinger1_L","Root_M/Spine1_M/Chest_M/Scapula_L/Shoulder_L/Elbow_L/Wrist_L/ThumbFinger1_L/ThumbFinger2_L","Root_M/Spine1_M/Chest_M/Scapula_L/Shoulder_L/Elbow_L/Wrist_L/ThumbFinger1_L/ThumbFinger2_L/ThumbFinger3_L","Root_M/Spine1_M/Chest_M/Scapula_L/Shoulder_L/Elbow_L/Wrist_L/ThumbFinger1_L/ThumbFinger2_L/ThumbFinger3_L/ThumbFinger4_L","Root_M/Spine1_M/Chest_M/Scapula_L/Shoulder_L/Elbow_L/Wrist_L/IndexFinger1_L","Root_M/Spine1_M/Chest_M/Scapula_L/Shoulder_L/Elbow_L/Wrist_L/IndexFinger1_L/IndexFinger2_L","Root_M/Spine1_M/Chest_M/Scapula_L/Shoulder_L/Elbow_L/Wrist_L/IndexFinger1_L/IndexFinger2_L/IndexFinger3_L","Root_M/Spine1_M/Chest_M/Scapula_L/Shoulder_L/Elbow_L/Wrist_L/IndexFinger1_L/IndexFinger2_L/IndexFinger3_L/IndexFinger4_L","Root_M/Spine1_M/Chest_M/Scapula_L/Shoulder_L/Elbow_L/Wrist_L/Cup_L","Root_M/Spine1_M/Chest_M/Scapula_L/Shoulder_L/Elbow_L/Wrist_L/Cup_L/PinkyFinger1_L","Root_M/Spine1_M/Chest_M/Scapula_L/Shoulder_L/Elbow_L/Wrist_L/Cup_L/PinkyFinger1_L/PinkyFinger2_L","Root_M/Spine1_M/Chest_M/Scapula_L/Shoulder_L/Elbow_L/Wrist_L/Cup_L/PinkyFinger1_L/PinkyFinger2_L/PinkyFinger3_L","Root_M/Spine1_M/Chest_M/Scapula_L/Shoulder_L/Elbow_L/Wrist_L/Cup_L/PinkyFinger1_L/PinkyFinger2_L/PinkyFinger3_L/PinkyFinger4_L","Root_M/Spine1_M/Chest_M/Scapula_L/Shoulder_L/Elbow_L/Wrist_L/Cup_L/RingFinger1_L","Root_M/Spine1_M/Chest_M/Scapula_L/Shoulder_L/Elbow_L/Wrist_L/Cup_L/RingFinger1_L/RingFinger2_L","Root_M/Spine1_M/Chest_M/Scapula_L/Shoulder_L/Elbow_L/Wrist_L/Cup_L/RingFinger1_L/RingFinger2_L/RingFinger3_L","Root_M/Spine1_M/Chest_M/Scapula_L/Shoulder_L/Elbow_L/Wrist_L/Cup_L/RingFinger1_L/RingFinger2_L/RingFinger3_L/RingFinger4_L","Root_M/Hip_L","Root_M/Hip_L/Knee_L","Root_M/Hip_L/Knee_L/Ankle_L","Root_M/Hip_L/Knee_L/Ankle_L/Toes_L","Root_M/Hip_L/Knee_L/Ankle_L/Toes_L/ToesEnd_L","Root_M/Tail_root","Root_M/Tail_root/tail1","Root_M/Tail_root/tail1/tail","Root_M/Tail_root/tail1/tail/tail_2"],[[[7,2.801137691872175e-16,-3.2549197114959056e-16,1,0,0.9888336062431335,-0.1490238457918167,-3.2549197114959056e-16,0,0.1490238457918167,0.9888336062431335,2.801137691872175e-16,0,-0.0969235822558403,0.016398761421442032,3.433375921545892e-17,1],[7,-0.031222699210047722,-0.009978937916457653,-0.9994626641273499,0,-0.9954596757888794,0.09026757627725601,0.03019638918340206,0,0.08991774171590805,0.9958675503730774,-0.012752028182148933,0,0.09431387484073639,-0.0069128889590501785,-0.05574199929833412,1],[7,-0.02916579507291317,-0.014959697611629963,-0.9994626641273499,0,-0.9967972040176392,-0.07405100762844086,0.03019638918340206,0,-0.07446294277906418,0.9971422553062439,-0.012752028182148933,0,0.04510292410850525,0.0004834264109376818,-0.05574199929833412,1],[7,1.4745317855613393e-8,0.012108296155929565,-0.9999266862869263,0,-1,7.669387969144736e-7,-5.45939604634782e-9,0,7.668164698770852e-7,0.9999266862869263,0.012108296155929565,0,0.008498352020978928,0.00135846808552742,-0.055494070053100586,1],[7,0.00000131729711938533,1.6392235124840226e-7,-1,0,-0.13450053334236145,0.9909135103225708,-1.4744296450430738e-8,0,0.9909135103225708,0.13450053334236145,0.000001327375116488838,0,-0.012373852543532848,-0.003533588722348213,-0.05534392595291138,1],[7,0.00000131729711938533,3.3933875442926364e-7,-1,0,-0.13450053334236145,0.9909135103225708,1.5907819772564835e-7,0,0.9909135103225708,0.13450053334236145,0.0000013509687732948805,0,-0.018642863258719444,-0.0035335791762918234,-0.05534394085407257,1],[7,2.832752931930646e-16,-2.842473958489369e-16,1,0,0.999994158744812,-0.0034257753286510706,-2.842473958489369e-16,0,0.0034257753286510706,0.999994158744812,2.832752931930646e-16,0,-0.1494317650794983,-0.005421605426818132,3.3121029719394924e-17,1],[7,2.8279536961910623e-16,-2.9978764463441554e-16,1,0,0.9983000159263611,-0.05828465521335602,-2.9978764463441554e-16,0,0.05828465521335602,0.9983000159263611,2.8279536961910623e-16,0,-0.18895474076271057,0.0049527352675795555,4.507867986256759e-17,1],[7,-0.9999999403953552,-0.0002720747434068471,-0.00017030946037266403,0,-0.00017034291522577405,0.00012297570356167853,1,0,-0.00027205378864891827,0.9999999403953552,-0.00012302203685976565,0,-0.045236993581056595,-0.008395208977162838,-0.19611816108226776,1],[7,-0.9997686743736267,-0.021508285775780678,0.0000026060895379487192,0,-4.562301142478848e-15,0.00012116676953155547,1,0,-0.021508285775780678,0.9997686743736267,-0.00012113874254282564,0,-0.05769188329577446,-0.009622178971767426,-0.19610817730426788,1],[7,-0.9997854232788086,0.02071404457092285,0.0000022774570425099228,0,0.000004469818122743163,0.00010579304944258183,1,0,0.02071404457092285,0.9997854232788086,-0.00010586293501546606,0,-0.12164465337991714,-0.004488206934183836,-0.19610832631587982,1],[7,-0.9999915361404419,0.004116971045732498,0.0000059942130974377505,0,0.000006464731541200308,0.00011427421122789383,1,0,0.0041169701144099236,0.9999915361404419,-0.00011429985897848383,0,-0.18651793897151947,-0.007586675230413675,-0.19610755145549774,1],[7,-0.996423602104187,-0.014462984167039394,-0.08325135707855225,0,-0.08324424922466278,-0.0010939696803689003,0.9965285658836365,0,-0.014503851532936096,0.9998947978019714,-0.00011390310828574002,0,-0.17896856367588043,-0.010992750525474548,-0.2117549031972885,1],[7,-0.999119758605957,-0.014532933942973614,-0.039350736886262894,0,-0.039348237216472626,-0.0004580361710395664,0.9992254376411438,0,-0.01453970093280077,0.9998942613601685,-0.00011421232193242759,0,-0.1912088543176651,-0.011131229810416698,-0.20353758335113525,1],[7,-0.9995887875556946,-0.014534327201545238,0.02471952699124813,0,0.024715252220630646,0.00047367875231429935,0.9996944069862366,0,-0.014541595242917538,0.9998942613601685,-0.00011426435958128422,0,-0.20555835962295532,-0.011313923634588718,-0.19075621664524078,1],[7,-0.9995887875556946,-0.014534327201545238,0.02471952699124813,0,0.024715252220630646,0.00047367875231429935,0.9996944069862366,0,-0.014541595242917538,0.9998942613601685,-0.00011426435958128422,0,-0.20765182375907898,-0.011313923634588718,-0.19075621664524078,1],[7,-0.7391381859779358,0.5854566693305969,0.33303937315940857,0,-0.3308270275592804,-0.7462555766105652,0.5776296854019165,0,0.5867096781730652,0.3167697489261627,0.7452709078788757,0,-0.08053933084011078,0.2528694272041321,-0.05719924718141556,1],[7,-0.7391381859779358,0.5854566693305969,0.33303937315940857,0,-0.3308270275592804,-0.7462555766105652,0.5776296854019165,0,0.5867096781730652,0.3167697489261627,0.7452709078788757,0,-0.08404815942049026,0.2528694272041321,-0.05719924718141556,1],[7,-0.7391381859779358,0.5854566693305969,0.33303937315940857,0,-0.3308270275592804,-0.7462555766105652,0.5776296854019165,0,0.5867096781730652,0.3167697489261627,0.7452709078788757,0,-0.0857350155711174,0.2528694272041321,-0.05719924718141556,1],[7,-0.7391381859779358,0.5854566693305969,0.33303937315940857,0,-0.3308270275592804,-0.7462555766105652,0.5776296854019165,0,0.5867096781730652,0.3167697489261627,0.7452709078788757,0,-0.08776791393756866,0.2528694272041321,-0.05719924718141556,1],[7,-0.9602705240249634,0.27307066321372986,-0.0575580932199955,0,-0.05533185973763466,0.01585346832871437,0.9983421564102173,0,0.2735304534435272,0.9618633389472961,-0.00011411038576625288,0,-0.17943495512008667,0.03984829783439636,-0.20683862268924713,1],[7,-0.9602705240249634,0.27307066321372986,-0.0575580932199955,0,-0.05533185973763466,0.01585346832871437,0.9983421564102173,0,0.2735304534435272,0.9618633389472961,-0.00011411038576625288,0,-0.18207354843616486,0.03984829783439636,-0.20683862268924713,1],[7,-0.9608843326568604,0.2729484736919403,0.04690844565629959,0,0.04515449330210686,-0.012707751244306564,0.9988991618156433,0,0.27324411273002625,0.9619446992874146,-0.00011417151836212724,0,-0.2036120742559433,0.04541218653321266,-0.1861262023448944,1],[7,-0.9608843326568604,0.2729484736919403,0.04690844565629959,0,0.04515449330210686,-0.012707751244306564,0.9988991618156433,0,0.27324411273002625,0.9619446992874146,-0.00011417151836212724,0,-0.2054668664932251,0.04541218653321266,-0.1861262023448944,1],[7,-0.9993870854377747,-0.017343031242489815,-0.03040824830532074,0,-0.03040347993373871,-0.0005385872209444642,0.9995375871658325,0,-0.017351388931274414,0.9998494386672974,0.000010968599781335797,0,-0.18231572210788727,-0.010487154126167297,-0.201740100979805,1],[7,-0.9258836507797241,-0.34290269017219543,-0.15861034393310547,0,-0.14877724647521973,-0.054978035390377045,0.9873412251472473,0,-0.3472820520401001,0.9377607107162476,-0.0001128568546846509,0,-0.14965903759002686,-0.060273122042417526,-0.22378259897232056,1],[7,-0.9275952577590942,-0.3441399335861206,-0.1453779637813568,0,-0.1363396942615509,-0.050460413098335266,0.9893761873245239,0,-0.3478196859359741,0.9375614523887634,-0.00011308912507956848,0,-0.15474697947502136,-0.061397016048431396,-0.22157421708106995,1],[7,-0.9359971880912781,-0.34988072514533997,-0.0386354997754097,0,-0.03622975945472717,-0.013420851901173592,0.9992533922195435,0,-0.35013800859451294,0.9366981387138367,-0.00011421549424994737,0,-0.17733225226402283,-0.06974850594997406,-0.20234183967113495,1],[7,-0.9359971880912781,-0.34988072514533997,-0.0386354997754097,0,-0.03622975945472717,-0.013420851901173592,0.9992533922195435,0,-0.35013800859451294,0.9366981387138367,-0.00011421549424994737,0,-0.17911148071289062,-0.06974850594997406,-0.20234183967113495,1],[7,-0.9908158779144287,-0.13000676035881042,-0.03717714175581932,0,-0.03687605634331703,-0.004723294172435999,0.999308705329895,0,-0.13009248673915863,0.9915018677711487,-0.00011422178067732602,0,-0.18561063706874847,-0.03045409731566906,-0.20277468860149384,1],[7,-0.9887205958366394,-0.12956106662750244,-0.07513631880283356,0,-0.07451426237821579,-0.009649003855884075,0.9971732497215271,0,-0.12991982698440552,0.9915245175361633,-0.00011397862544981763,0,-0.18073168396949768,-0.029402684420347214,-0.20988339185714722,1],[7,-0.991503119468689,-0.13008014857769012,0.0008365335525013506,0,0.0008145577739924192,0.00022214517230167985,0.9999996423721313,0,-0.13008029758930206,0.9915034770965576,-0.00011429982987465337,0,-0.19775784015655518,-0.031435299664735794,-0.19524085521697998,1],[7,-0.991503119468689,-0.13008014857769012,0.0008365335525013506,0,0.0008145577739924192,0.00022214517230167985,0.9999996423721313,0,-0.13008029758930206,0.9915034770965576,-0.00011429982987465337,0,-0.19969478249549866,-0.031435299664735794,-0.19524085521697998,1],[7,-1.597683206580616e-16,-2.6498298142239754e-16,1,0,0.9935082793235779,-0.11375977843999863,1.2858674823369525e-16,0,0.11375977843999863,0.9935082793235779,2.814379993211312e-16,0,-0.21597352623939514,0.017000198364257812,-8.220796213259847e-17,1],[7,6.123234262925839e-17,-2.832769343193999e-16,1,0,1,1.4432899320127035e-15,-6.123234262925839e-17,0,-1.4432899320127035e-15,1,2.832769343193999e-16,0,-0.22884614765644073,-0.009092315100133419,-2.975076172288642e-17,1],[7,6.056436768249332e-15,-2.832769343193999e-16,1,0,1,-4.884981308350689e-15,-6.056436768249332e-15,0,4.884981308350689e-15,1,2.832769343193999e-16,0,-0.49526330828666687,-0.009092315100133419,3.3191841541436486e-15,1],[7,1,1.1657657278336996e-15,-1.236987990277765e-16,0,-1.1657657278336996e-15,1,4.805184028455756e-16,0,1.236987990277765e-16,-4.805184028455756e-16,1,0,5.54055209287793e-16,-0.49504244327545166,-3.120872049207033e-17,1],[7,1,1.7485697118073363e-15,-1.7428636743581577e-15,0,1.7485697118073363e-15,-1,-1.454732288338925e-15,0,-1.7428636743581577e-15,1.454732288338925e-15,-1,0,0.08861470222473145,0.5105419754981995,-0.004322289954870939,1],[7,0.4595918655395508,-0.888130247592926,3.486679043172115e-16,0,-0.888130247592926,-0.4595918655395508,-4.0731315686264903e-16,0,5.219920476189023e-16,-1.2246468525851679e-16,-1,0,0.564781904220581,0.15521842241287231,-0.027725400403141975,1],[7,0.456473708152771,-0.8897368907928467,3.190716731676398e-16,0,-0.8897368907928467,-0.456473708152771,-8.902035695978919e-16,0,9.376948011263092e-16,1.2246468525851679e-16,-1,0,0.6300761699676514,0.1534961760044098,-0.030112700536847115,1],[7,1,1.526525106882305e-15,7.182242234488653e-16,0,1.526525106882305e-15,-1,1.0106430784888624e-15,0,7.182242234488653e-16,-1.0106430784888624e-15,-1,0,0.18371599912643433,0.6946020126342773,-0.017865799367427826,1],[7,1,-5.551115123125783e-17,2.220446049250313e-16,0,-5.551115123125783e-17,-1,-5.665538686387998e-16,0,2.220446049250313e-16,5.665538686387998e-16,-1,0,0.1979459971189499,0.7198269963264465,7.429779937087637e-17,1],[7,1,-1.0742510573675935e-16,-2.641067453623691e-8,0,1.0742512558909405e-16,1,5.551115123125783e-16,0,2.641067453623691e-8,-5.551115123125783e-16,1,0,-0.08861467987298965,-0.5105416774749756,0.004322290886193514,1],[7,0.4595918655395508,-0.888130247592926,-2.6410672759880072e-8,0,0.888130247592926,0.4595918655395508,8.351626804710378e-16,0,1.2138130500716215e-8,-2.3456118825038175e-8,1,0,-0.5647813677787781,-0.1552184671163559,0.027725383639335632,1],[7,0.456473708152771,-0.8897368907928467,-2.641067453623691e-8,0,0.8897368907928467,0.456473708152771,-3.944171331802615e-16,0,1.205577859764162e-8,-2.349855066086093e-8,1,0,-0.6300762295722961,-0.1534964144229889,0.03011273965239525,1],[7,1,-3.1605386947711808e-15,-2.641067453623691e-8,0,3.1605389065294176e-15,1,3.913536161803677e-15,0,2.641067453623691e-8,-3.913536161803677e-15,1,0,-0.1837163269519806,-0.6946016550064087,0.01786581054329872,1],[7,1,-5.5511137996368026e-17,-2.641067453623691e-8,0,5.551115123125783e-17,1,5.412337245047638e-16,0,2.641067453623691e-8,-5.412337245047638e-16,1,0,-0.19794610142707825,-0.7198274731636047,2.340373228548742e-9,1],[7,-0.9999999403953552,-0.0002720747434068471,-0.00017030946037266403,0,0.00017034291522577405,-0.00012297570356167853,-1,0,0.00027205378864891827,-0.9999999403953552,0.00012302203685976565,0,0.045236993581056595,0.008395208977162838,0.19611816108226776,1],[7,-0.9997686743736267,-0.021508285775780678,0.0000026060895379487192,0,-1.4773989323590975e-14,-0.00012116676953155547,-1,0,0.021508285775780678,-0.9997686743736267,0.00012113874254282564,0,0.05769188329577446,0.009622178971767426,0.19610817730426788,1],[7,-0.9997854232788086,0.02071404457092285,0.0000022774570425099228,0,-0.000004469818122743163,-0.00010579304216662422,-1,0,-0.02071404457092285,-0.9997854232788086,0.00010586293501546606,0,0.12164465337991714,0.004488206934183836,0.19610832631587982,1],[7,-0.9999915361404419,0.004116971045732498,0.0000059942130974377505,0,-0.000006464731541200308,-0.00011427421122789383,-1,0,-0.0041169701144099236,-0.9999915361404419,0.00011429985897848383,0,0.18651793897151947,0.007586675230413675,0.19610755145549774,1],[7,-0.996423602104187,-0.014462984167039394,-0.08325135707855225,0,0.08324424922466278,0.0010939696803689003,-0.9965285658836365,0,0.014503851532936096,-0.9998947978019714,0.00011390310828574002,0,0.17896856367588043,0.010992750525474548,0.2117549031972885,1],[7,-0.999119758605957,-0.014532933942973614,-0.039350736886262894,0,0.039348237216472626,0.0004580361710395664,-0.9992254376411438,0,0.01453970093280077,-0.9998942613601685,0.00011421231465646997,0,0.1912088543176651,0.011131229810416698,0.20353758335113525,1],[7,-0.9995887875556946,-0.014534327201545238,0.02471952699124813,0,-0.024715252220630646,-0.0004736787232104689,-0.9996944069862366,0,0.014541595242917538,-0.9998942613601685,0.00011426435958128422,0,0.20555835962295532,0.011313923634588718,0.19075621664524078,1],[7,-0.9995887875556946,-0.014534327201545238,0.02471952699124813,0,-0.024715252220630646,-0.0004736787232104689,-0.9996944069862366,0,0.014541595242917538,-0.9998942613601685,0.00011426435958128422,0,0.20765182375907898,0.011313923634588718,0.19075621664524078,1],[7,-0.7391381859779358,0.5854566693305969,0.33303937315940857,0,0.3308270275592804,0.7462555766105652,-0.5776296854019165,0,-0.5867096781730652,-0.3167697489261627,-0.7452709078788757,0,0.08053933084011078,-0.2528694272041321,0.05719924718141556,1],[7,-0.7391381859779358,0.5854566693305969,0.33303937315940857,0,0.3308270275592804,0.7462555766105652,-0.5776296854019165,0,-0.5867096781730652,-0.3167697489261627,-0.7452709078788757,0,0.08404815942049026,-0.2528694272041321,0.05719924718141556,1],[7,-0.7391381859779358,0.5854566693305969,0.33303937315940857,0,0.3308270275592804,0.7462555766105652,-0.5776296854019165,0,-0.5867096781730652,-0.3167697489261627,-0.7452709078788757,0,0.0857350155711174,-0.2528694272041321,0.05719924718141556,1],[7,-0.7391381859779358,0.5854566693305969,0.33303937315940857,0,0.3308270275592804,0.7462555766105652,-0.5776296854019165,0,-0.5867096781730652,-0.3167697489261627,-0.7452709078788757,0,0.08776791393756866,-0.2528694272041321,0.05719924718141556,1],[7,-0.9602705240249634,0.27307066321372986,-0.0575580932199955,0,0.05533185973763466,-0.01585346832871437,-0.9983421564102173,0,-0.2735304534435272,-0.9618633389472961,0.00011411038576625288,0,0.17943495512008667,-0.03984829783439636,0.20683862268924713,1],[7,-0.9602705240249634,0.27307066321372986,-0.0575580932199955,0,0.05533185973763466,-0.01585346832871437,-0.9983421564102173,0,-0.2735304534435272,-0.9618633389472961,0.00011411038576625288,0,0.18207354843616486,-0.03984829783439636,0.20683862268924713,1],[7,-0.9608843326568604,0.2729484736919403,0.04690844565629959,0,-0.04515449330210686,0.012707751244306564,-0.9988991618156433,0,-0.27324411273002625,-0.9619446992874146,0.00011417151836212724,0,0.2036120742559433,-0.04541218653321266,0.1861262023448944,1],[7,-0.9608843326568604,0.2729484736919403,0.04690844565629959,0,-0.04515449330210686,0.012707751244306564,-0.9988991618156433,0,-0.27324411273002625,-0.9619446992874146,0.00011417151836212724,0,0.2054668664932251,-0.04541218653321266,0.1861262023448944,1],[7,-0.9993870854377747,-0.017343031242489815,-0.03040824830532074,0,0.03040347993373871,0.0005385872209444642,-0.9995375871658325,0,0.017351388931274414,-0.9998494386672974,-0.000010968600690830499,0,0.18231572210788727,0.010487154126167297,0.201740100979805,1],[7,-0.9258836507797241,-0.34290269017219543,-0.15861034393310547,0,0.14877724647521973,0.054978035390377045,-0.9873412251472473,0,0.3472820520401001,-0.9377607107162476,0.0001128568546846509,0,0.14965903759002686,0.060273122042417526,0.22378259897232056,1],[7,-0.9275952577590942,-0.3441399335861206,-0.1453779637813568,0,0.1363396942615509,0.050460413098335266,-0.9893761873245239,0,0.3478196859359741,-0.9375614523887634,0.00011308912507956848,0,0.15474697947502136,0.061397016048431396,0.22157421708106995,1],[7,-0.9359971880912781,-0.34988072514533997,-0.0386354997754097,0,0.03622975945472717,0.013420851901173592,-0.9992533922195435,0,0.35013800859451294,-0.9366981387138367,0.00011421548697398975,0,0.17733225226402283,0.06974850594997406,0.20234183967113495,1],[7,-0.9359971880912781,-0.34988072514533997,-0.0386354997754097,0,0.03622975945472717,0.013420851901173592,-0.9992533922195435,0,0.35013800859451294,-0.9366981387138367,0.00011421548697398975,0,0.17911148071289062,0.06974850594997406,0.20234183967113495,1],[7,-0.9908158779144287,-0.13000676035881042,-0.03717714175581932,0,0.03687605634331703,0.004723294172435999,-0.999308705329895,0,0.13009248673915863,-0.9915018677711487,0.00011422178067732602,0,0.18561063706874847,0.03045409731566906,0.20277468860149384,1],[7,-0.9887205958366394,-0.12956106662750244,-0.07513631880283356,0,0.07451426237821579,0.009649003855884075,-0.9971732497215271,0,0.12991982698440552,-0.9915245175361633,0.00011397862544981763,0,0.18073168396949768,0.029402684420347214,0.20988339185714722,1],[7,-0.991503119468689,-0.13008014857769012,0.0008365335525013506,0,-0.0008145577739924192,-0.00022214517230167985,-0.9999996423721313,0,0.13008029758930206,-0.9915034770965576,0.00011429982987465337,0,0.19775784015655518,0.031435299664735794,0.19524085521697998,1],[7,-0.991503119468689,-0.13008014857769012,0.0008365335525013506,0,-0.0008145577739924192,-0.00022214517230167985,-0.9999996423721313,0,0.13008029758930206,-0.9915034770965576,0.00011429982987465337,0,0.19969478249549866,0.031435299664735794,0.19524085521697998,1],[7,-0.031222699210047722,-0.009978937916457653,-0.9994626641273499,0,0.9954596757888794,-0.09026757627725601,-0.03019638918340206,0,-0.08991774171590805,-0.9958675503730774,0.012752028182148933,0,-0.09431387484073639,0.0069128889590501785,0.05574199929833412,1],[7,-0.02916579507291317,-0.014959697611629963,-0.9994626641273499,0,0.9967972040176392,0.07405100762844086,-0.03019638918340206,0,0.07446294277906418,-0.9971422553062439,0.012752028182148933,0,-0.04510292410850525,-0.0004834264109376818,0.05574199929833412,1],[7,1.4745310750186036e-8,0.012108296155929565,-0.9999266862869263,0,1,-7.669387969144736e-7,5.459389385009672e-9,0,-7.668164698770852e-7,-0.9999266862869263,-0.012108296155929565,0,-0.008498352020978928,-0.00135846808552742,0.055494070053100586,1],[7,-0.0000012673987157540978,-1.869104693241752e-7,-1,0,0.13450053334236145,-0.9909135103225708,1.4746301957302421e-8,0,-0.9909135103225708,-0.13450053334236145,0.0000012810221505787922,0,0.01237399596720934,0.00353360828012228,0.05534389242529869,1],[7,-0.000003863945494231302,-3.623268867158913e-7,-1,0,0.13450053334236145,-0.9909135103225708,-1.6066812236203987e-7,0,-0.9909135103225708,-0.13450053334236145,0.000003877568815369159,0,0.018643150106072426,0.0035336180590093136,0.05534384399652481,1],[7,1.896500151457478e-16,-4.217058559990994e-15,1,0,-0.018864566460251808,0.9998220205307007,4.219885532452455e-15,0,-0.9998220205307007,-0.018864566460251808,1.1006328249521147e-16,0,-0.07468696683645248,-0.11322114616632462,-4.463731812527746e-16,1],[7,4.247090695471046e-16,8.384248690487101e-16,1,0,0.2311229705810547,0.972924530506134,-9.138841755833987e-16,0,-0.972924530506134,0.2311229705810547,2.1943063478002494e-16,0,-0.12659040093421936,-0.08430991321802139,1.3208045473865382e-16,1],[7,4.9935411272168586e-17,1.9625029439410032e-16,1,0,0.815507173538208,0.578747034072876,-1.5430195382828656e-16,0,-0.578747034072876,0.815507173538208,-1.3114355688965176e-16,0,-0.1704002469778061,0.03738519921898842,3.402415212962522e-17,1],[7,1,-3.1103348402291816e-15,2.3291243997895393e-15,0,3.1103348402291816e-15,1,8.326672684688674e-16,0,-2.3291243997895393e-15,-8.326672684688674e-16,1,0,-6.26235863041897e-16,-0.1408310979604721,0.1457875370979309,1]],8,8,8,8,8,8,8,8,8,8,8,8,8,8,8,8,8,8,8,8,8,8,8,8,8,8,8,8,8,8,8,8,8,8,8,8,8,8,8,8,8,8,8,8,8,8,8,8,8,8,8,8,8,8,8,8,8,8,8,8,8,8,8,8,8,8,8,8,8,8,8,8,8,8,8,8,8,8,8,8,8]]],0,0,[],[],[]],[[[16,"Bunny"],[31,"Bunny",[-3,-4],[[42,-2,[9,"32dCr0gEhQVKULbnC3uzkO"]]],[0,"6eiKDb2b5ZYoUf3Vu1qtY6",null,null,null,-1,0]],[11,"Wrist_R",[[-5,-6,-7,-8,[10,"WeaponR_locator",-9,[0,"bfI/u2yPdfAJgWf3aNM5Ta",null,null,null,1,0],[1,-0.007999931462109089,0.00003293603003839962,3.964046513260655e-8],[3,0.0014577744355978705,0.7071456938361533,0.7070648699375044,0.0014533695126324052],[1,-89.9934516563789,-179.9996565548088,0.23588572217678955]]],1,1,1,1,4],[0,"b4NZF6UG5fTqqQWHE6cMbv",null,null,null,1,0],[1,0.06497275084257126,-2.3314682789209348e-17,-2.309263806517031e-15],[3,0.000004195062555160379,-0.000001910611014600491,-0.008299176686724984,0.9999655612295223],[1,0.00047895115897933396,-0.0002149723979439785,-0.9510265134901952]],[11,"Wrist_L",[[-10,-11,-12,-13,[10,"WeaponL_locator",-14,[0,"52avF7v9Ban72E0YyFldTn",null,null,null,1,0],[1,0.007999931462109089,-0.00003293603003839962,-3.964046513260655e-8],[3,-0.0014533695126324052,-0.7070648699375044,0.7071456938361533,0.0014577744355978705],[1,90.0065483436211,-179.9996565548088,0.23588572217678955]]],1,1,1,1,4],[0,"24wDDOtr5QHr9XvEwOiXOK",null,null,null,1,0],[1,-0.06497275084257126,-7.494005548568705e-17,2.451372429902016e-15],[3,0.000004195062555160379,-0.000001910611014600491,-0.008299176686724984,0.9999655612295223],[1,0.00047895115897933396,-0.0002149723979439785,-0.9510265134901952]],[1,"Root_M",1,[-15,-16,-17,-18],[0,"f4Gk4MNCNd9IOUWj+5BEK1",null,null,null,1,0],[1,-1.884683669612005e-18,0.09828510135412216,-0.0017717208247631788],[3,0.5359626471428789,0.46124184639687443,0.5359626471428789,0.46124184639687443],[1,180,-90,81.4296392952429]],[11,"Chest_M",[[-19,-20,-21,[17,"Accessories_locator",-22,[0,"322MV6z+tTCKVA57GGio7a",null,null,null,1,0],[3,0.5143648285825436,0.4852100814258196,0.5143648285825436,-0.4852100814258196],[1,-93.34136140288516,-90,0]]],1,1,1,4],[0,"c7nX9oSoZYbps+f/bAIm3L",null,null,null,1,0],[1,0.0395100973546505,1.4432898790731443e-17,-6.057239725704827e-18],[3,5.683633979537779e-33,-1.680369479864268e-18,0.02744251744394275,0.9996233831980618],[1,5.292196756441867e-18,-1.927739915636369e-16,3.145075696868571]],[32,"Mesh",1,[-23,-24],[0,"d51wqEbOZWC5Ui0eWToDin",null,null,null,1,0]],[1,"Cup_R",2,[-25,-26],[0,"a1/P/jGzZeiqW/Y6I8YuS1",null,null,null,1,0],[1,0.002032302087172866,-0.0010161048267036676,-0.000011398720744182356],[3,-0.0001632717450488216,0.01520813147853818,-0.01073395822421763,0.999826719096919],[1,-5.976587064131431e-10,1.7428911212389269,-1.2301869221075212]],[11,"Head_M",[[-27,[17,"Head_Accessories_locator",-28,[0,"a176533jtS7bzdT3tBan3V",null,null,null,1,0],[3,0.5,0.5,0.5,-0.5],[1,-90,-90,0]]],1,4],[0,"a0ZlvBIqZWVqWrpn0qfFT7",null,null,null,1,0],[1,0.012421360239386559,1.554312241092664e-17,-1.0821534115443331e-17],[3,1.1716717988878898e-16,1.0800531438466457e-16,-0.0569724279412051,0.9983757521366814],[1,1.4201875692350926e-14,1.3207064243840946e-14,-6.5320963035436534]],[33,"Ear_root",[-29,-30],[0,"3adnXbpatdJKLB80U6gSt9",null,null,null,1,0],[1,-0.0002208924706792459,-0.009092315100133419,3.337804532362699e-16],[3,0.5,0.5,0.5,-0.5],[1,-90,-90,0]],[1,"Cup_L",3,[-31,-32],[0,"f6RPfAf+leX6fY3qx/OLdw",null,null,null,1,0],[1,-0.002032302087172866,0.0010161048267036676,0.000011398720744182356],[3,-0.0001632717450488216,0.01520813147853818,-0.01073395822421763,0.999826719096919],[1,-5.976587064131431e-10,1.7428911212389269,-1.2301869221075212]],[18,"Face01",6,[[25,1,[null],-33,[9,"d1frmWeiNYo4obi61r/kv2"],[22,true,true],1,0,1]],[0,"ebm6AOlKFXpYvlJRNAHEJV",null,null,null,1,0]],[18,"Bunny",6,[[25,1,[null],-34,[9,"90gOTDWnhZFI0FRpbXMd56"],[22,true,true],1,2,3]],[0,"327hcp0UFahrn9e8V8vbLp",null,null,null,1,0]],[1,"Hip_R",4,[-35],[0,"e11T/l+TBZgqAnzfrymrbW",null,null,null,1,0],[1,-0.0021486333571374416,-0.00021750257292296737,-0.05283629521727562],[3,0.1196069452841893,0.9926860014128609,-0.006822034907440289,0.014904397956718154],[1,1.0091755202628963,178.1581712790397,13.724934065358944]],[1,"Knee_R",13,[-36],[0,"48uEXRU61aP7Ypn2OqBsq4",null,null,null,1,0],[1,0.049741245806217194,6.661338412448735e-17,2.4868995857482625e-16],[3,-5.658362114818944e-17,1.5811292843677162e-16,-0.0821994996999933,0.9966158950413498],[1,-5.040858539594781e-15,1.7764166726454213e-14,-9.430008603220696]],[1,"Ankle_R",14,[-37],[0,"afHEi3JIhZjIWGPh8Vst6z",null,null,null,1,0],[1,0.03830179572105408,-1.7902345742685057e-16,1.1546319032585154e-16],[3,-0.01298278265848058,0.014627565348892757,0.037248770922404265,0.999114613420891],[1,-1.553290777592768,1.7351556112555453,4.246741201783791]],[4,"Toes_R",15,[[3,"ToesEnd_R",-38,[0,"9eyYtA1HZYx5kZWv9abnEK",null,null,null,1,0],[1,0.006269009783864021,-2.83439945810099e-15,1.6203484776156074e-8]]],[0,"8cceYmUwlVtKpzM2Bmy/3l",null,null,null,1,0],[1,0.00666117062792182,0.013424175791442394,-9.769962563761818e-17],[3,0.004559328299430877,-0.003982278040064826,0.6578248122295485,0.7531466460140608],[1,5.143921211794904,-5.097056277154171,82.23933916251363]],[1,"Spine1_M",4,[5],[0,"c9p3nHYk9XN6AfbGASYVDa",null,null,null,1,0],[1,0.05170457065105438,4.440891999238953e-18,1.4505087669969558e-18],[3,2.773519251508283e-32,4.4707321054225565e-18,-0.07301259751882502,0.9973310185708424],[1,3.7808046885653935e-17,5.164470131461643e-16,-8.374078791611733]],[1,"Scapula_R",5,[-39],[0,"10FEmqWoFed6ovGCUj6sPF",null,null,null,1,0],[1,0.007310548797249794,0.0018670100253075361,-0.04527267441153526],[3,0.020564576269661627,0.7068679215431157,-0.020753360940338823,0.7067419173261515],[1,3.348407082557939,90.01065248870563,-0.014992107435265944]],[1,"Shoulder_R",18,[-40],[0,"97kDOC0WJVxLA7OMjux8i1",null,null,null,1,0],[1,0.01261230744421482,6.51811927593034e-15,-3.55271373174006e-16],[3,5.045073933092812e-15,-0.00008646290387378688,-0.010618735124961462,0.9999436159046731],[1,-0.0001052332981161718,-0.009909595116200232,-1.2168402770214517]],[1,"Elbow_R",19,[2],[0,"04LsXMJhhaLpNJ+uebfU8a",null,null,null,1,0],[1,0.06365488469600677,-1.53210776868876e-16,1.0658140798173486e-16],[3,-0.000007637966490071012,1.6128234331760258e-7,0.021111166025228795,0.9997771344708233],[1,-0.0008762226258052113,0.00003698791982311648,2.419341159375433]],[1,"MiddleFinger1_R",2,[-41],[0,"71XkRQR99YmaOcypaAkrdf",null,null,null,1,0],[1,0.00963249709457159,-3.6637361268468044e-17,5.684341759025859e-16],[3,-0.00021659149320446837,0.04166428394232463,-0.009307205726107083,0.999088292621463],[1,0.019642568097428557,4.776147586177523,-1.0666505542608264]],[1,"MiddleFinger2_R",21,[-42],[0,"30sIvj9otQ7K9ZQuIcHr9y",null,null,null,1,0],[1,0.003106409450992942,5.258926432348543e-13,-9.13047442556783e-14],[3,0.00031951297769661376,-0.02198937040354353,-0.00001541402934181339,0.999758153386668],[1,0.036565797700570675,-2.519998656489812,-0.002570998074801244]],[4,"MiddleFinger3_R",22,[[3,"MiddleFinger4_R",-43,[0,"83sQDToDFXQqjltiAyqOGW",null,null,null,1,0],[1,0.0020934604108333588,4.440891999238953e-18,6.750155905017657e-16]]],[0,"69ZC+hiL1fG4NQ6tEOoF4T",null,null,null,1,0],[1,0.001712701516225934,4.440891999238953e-18,-4.973799171496525e-16],[3,0.00046585007062023413,-0.032032600625213764,0.000002713145627461482,0.9994867160065389],[1,0.05336505227133615,-3.671293419585473,-0.0013992358447470765]],[1,"ThumbFinger1_R",2,[-44],[0,"f3f4OHcEpUIK4FXaBofItj",null,null,null,1,0],[1,0.0020461739040911198,0.001440146705135703,-0.0010091870790347457],[3,-0.4595940034718335,0.0002875035230418283,0.3594819842091024,0.8121243576839348],[1,-66.8612629553032,24.04778305689593,35.70583290960444]],[6,"ThumbFinger2_R",24,[-45],[0,"ddfh/L6wVV45dbjn6MsnKq",null,null,null,1,0],[1,0.0035