[1,["f6SJZOjTJB/JrJeh5xTdF7","40PGb9Os1DLKT5IZxPfnkG@bb840","40PGb9Os1DLKT5IZxPfnkG@f09b2","40PGb9Os1DLKT5IZxPfnkG@4049f","40PGb9Os1DLKT5IZxPfnkG@066d6","40PGb9Os1DLKT5IZxPfnkG@e4c14","40PGb9Os1DLKT5IZxPfnkG@438fe"],["_parent","mainTexture","_effectAsset","node","root","data","_mesh","_skeleton"],[["cc.Node",["_name","_prefab","_children","_lpos","_parent","_components","_lrot","_euler"],2,4,2,5,1,9,5,5],["cc.Node",["_name","_parent","_children","_prefab","_lpos","_lrot","_euler"],2,1,9,4,5,5,5],["cc.Material",["_name","_states","_defines","_props"],0,12],["cc.Skeleton",["_name","_hash","_joints","_bindposes"],0,12],["cc.Prefab",["_name"],2],["cc.SkeletalAnimation",["node","__prefab"],3,1,4],["cc.CompPrefabInfo",["fileId"],2],["cc.PrefabInfo",["fileId","instance","targetOverrides","nestedPrefabInstanceRoots","root","asset"],-1,1,1],["cc.SkinnedMeshRenderer",["_shadowCastingMode","node","__prefab","_materials","bakeSettings","_skinningRoot","_mesh","_skeleton"],2,1,4,3,4,1,6,6],["cc.ModelBakeSettings",["_castShadow","_receiveShadow"],1],["cc.Mesh",["_native","_hash","_struct"],1,11]],[[7,0,1,2,3,4,5,5],[0,0,4,2,1,3,6,7,2],[0,0,4,1,3,2],[1,0,1,2,3,4,5,6,2],[2,0,1,2,3,4],[0,0,2,1,3,6,7,2],[0,0,2,1,3,2],[6,0,2],[3,0,1,2,3,4],[4,0,2],[0,0,2,5,1,2],[0,0,4,2,1,2],[0,0,4,2,1,3,2],[0,0,4,5,1,2],[1,0,1,2,3,4,2],[5,0,1,1],[8,0,1,2,3,4,5,6,7,2],[9,0,1,3],[10,0,1,2,3]],[[[[4,"Material__246",[{"rasterizerState":{},"blendState":{"targets":[{}]},"depthStencilState":{}}],[{"USE_ALBEDO_MAP":true,"DCC_APP_NAME":0}],[[[{"albedoScale":1,"specularFactor":1,"shininessExponent":32,"emissiveScale":1},"mainColor",8,[4,4294967295],"specularColor",8,[4,4286348412],"emissive",8,[4,4278190080],"mainTexture",6,0]],11]]],0,0,[0,0],[1,2],[1,0]],[[[4,"Material__247",[{"rasterizerState":{},"blendState":{"targets":[{}]},"depthStencilState":{}}],[{"USE_ALBEDO_MAP":true,"DCC_APP_NAME":0}],[[[{"albedoScale":1,"specularFactor":1,"shininessExponent":32,"emissiveScale":1},"mainColor",8,[4,4294967295],"specularColor",8,[4,4286348412],"emissive",8,[4,4278190080],"mainTexture",6,0]],11]]],0,0,[0,0],[1,2],[2,0]],[[[8,"Skin-0",2589679948,["关节/mixamorig_Hips","关节/mixamorig_Hips/mixamorig_Spine","关节/mixamorig_Hips/mixamorig_Spine/mixamorig_Spine1","关节/mixamorig_Hips/mixamorig_Spine/mixamorig_Spine1/mixamorig_Spine2","关节/mixamorig_Hips/mixamorig_Spine/mixamorig_Spine1/mixamorig_Spine2/mixamorig_Neck","关节/mixamorig_Hips/mixamorig_Spine/mixamorig_Spine1/mixamorig_Spine2/mixamorig_Neck/mixamorig_Head","关节/mixamorig_Hips/mixamorig_Spine/mixamorig_Spine1/mixamorig_Spine2/mixamorig_Neck/mixamorig_Head/mixamorig_HeadTop_End","关节/mixamorig_Hips/mixamorig_Spine/mixamorig_Spine1/mixamorig_Spine2/mixamorig_LeftShoulder","关节/mixamorig_Hips/mixamorig_Spine/mixamorig_Spine1/mixamorig_Spine2/mixamorig_LeftShoulder/mixamorig_LeftArm","关节/mixamorig_Hips/mixamorig_Spine/mixamorig_Spine1/mixamorig_Spine2/mixamorig_LeftShoulder/mixamorig_LeftArm/mixamorig_LeftForeArm","关节/mixamorig_Hips/mixamorig_Spine/mixamorig_Spine1/mixamorig_Spine2/mixamorig_LeftShoulder/mixamorig_LeftArm/mixamorig_LeftForeArm/mixamorig_LeftHand","关节/mixamorig_Hips/mixamorig_Spine/mixamorig_Spine1/mixamorig_Spine2/mixamorig_LeftShoulder/mixamorig_LeftArm/mixamorig_LeftForeArm/mixamorig_LeftHand/mixamorig_LeftHandThumb1","关节/mixamorig_Hips/mixamorig_Spine/mixamorig_Spine1/mixamorig_Spine2/mixamorig_LeftShoulder/mixamorig_LeftArm/mixamorig_LeftForeArm/mixamorig_LeftHand/mixamorig_LeftHandThumb1/mixamorig_LeftHandThumb2","关节/mixamorig_Hips/mixamorig_Spine/mixamorig_Spine1/mixamorig_Spine2/mixamorig_LeftShoulder/mixamorig_LeftArm/mixamorig_LeftForeArm/mixamorig_LeftHand/mixamorig_LeftHandThumb1/mixamorig_LeftHandThumb2/mixamorig_LeftHandThumb3","关节/mixamorig_Hips/mixamorig_Spine/mixamorig_Spine1/mixamorig_Spine2/mixamorig_LeftShoulder/mixamorig_LeftArm/mixamorig_LeftForeArm/mixamorig_LeftHand/mixamorig_LeftHandThumb1/mixamorig_LeftHandThumb2/mixamorig_LeftHandThumb3/mixamorig_LeftHandThumb4","关节/mixamorig_Hips/mixamorig_Spine/mixamorig_Spine1/mixamorig_Spine2/mixamorig_LeftShoulder/mixamorig_LeftArm/mixamorig_LeftForeArm/mixamorig_LeftHand/mixamorig_LeftHandIndex1","关节/mixamorig_Hips/mixamorig_Spine/mixamorig_Spine1/mixamorig_Spine2/mixamorig_LeftShoulder/mixamorig_LeftArm/mixamorig_LeftForeArm/mixamorig_LeftHand/mixamorig_LeftHandIndex1/mixamorig_LeftHandIndex2","关节/mixamorig_Hips/mixamorig_Spine/mixamorig_Spine1/mixamorig_Spine2/mixamorig_LeftShoulder/mixamorig_LeftArm/mixamorig_LeftForeArm/mixamorig_LeftHand/mixamorig_LeftHandIndex1/mixamorig_LeftHandIndex2/mixamorig_LeftHandIndex3","关节/mixamorig_Hips/mixamorig_Spine/mixamorig_Spine1/mixamorig_Spine2/mixamorig_LeftShoulder/mixamorig_LeftArm/mixamorig_LeftForeArm/mixamorig_LeftHand/mixamorig_LeftHandIndex1/mixamorig_LeftHandIndex2/mixamorig_LeftHandIndex3/mixamorig_LeftHandIndex4","关节/mixamorig_Hips/mixamorig_Spine/mixamorig_Spine1/mixamorig_Spine2/mixamorig_LeftShoulder/mixamorig_LeftArm/mixamorig_LeftForeArm/mixamorig_LeftHand/mixamorig_LeftHandMiddle1","关节/mixamorig_Hips/mixamorig_Spine/mixamorig_Spine1/mixamorig_Spine2/mixamorig_LeftShoulder/mixamorig_LeftArm/mixamorig_LeftForeArm/mixamorig_LeftHand/mixamorig_LeftHandMiddle1/mixamorig_LeftHandMiddle2","关节/mixamorig_Hips/mixamorig_Spine/mixamorig_Spine1/mixamorig_Spine2/mixamorig_LeftShoulder/mixamorig_LeftArm/mixamorig_LeftForeArm/mixamorig_LeftHand/mixamorig_LeftHandMiddle1/mixamorig_LeftHandMiddle2/mixamorig_LeftHandMiddle3","关节/mixamorig_Hips/mixamorig_Spine/mixamorig_Spine1/mixamorig_Spine2/mixamorig_LeftShoulder/mixamorig_LeftArm/mixamorig_LeftForeArm/mixamorig_LeftHand/mixamorig_LeftHandMiddle1/mixamorig_LeftHandMiddle2/mixamorig_LeftHandMiddle3/mixamorig_LeftHandMiddle4","关节/mixamorig_Hips/mixamorig_Spine/mixamorig_Spine1/mixamorig_Spine2/mixamorig_LeftShoulder/mixamorig_LeftArm/mixamorig_LeftForeArm/mixamorig_LeftHand/mixamorig_LeftHandRing1","关节/mixamorig_Hips/mixamorig_Spine/mixamorig_Spine1/mixamorig_Spine2/mixamorig_LeftShoulder/mixamorig_LeftArm/mixamorig_LeftForeArm/mixamorig_LeftHand/mixamorig_LeftHandRing1/mixamorig_LeftHandRing2","关节/mixamorig_Hips/mixamorig_Spine/mixamorig_Spine1/mixamorig_Spine2/mixamorig_LeftShoulder/mixamorig_LeftArm/mixamorig_LeftForeArm/mixamorig_LeftHand/mixamorig_LeftHandRing1/mixamorig_LeftHandRing2/mixamorig_LeftHandRing3","关节/mixamorig_Hips/mixamorig_Spine/mixamorig_Spine1/mixamorig_Spine2/mixamorig_LeftShoulder/mixamorig_LeftArm/mixamorig_LeftForeArm/mixamorig_LeftHand/mixamorig_LeftHandRing1/mixamorig_LeftHandRing2/mixamorig_LeftHandRing3/mixamorig_LeftHandRing4","关节/mixamorig_Hips/mixamorig_Spine/mixamorig_Spine1/mixamorig_Spine2/mixamorig_LeftShoulder/mixamorig_LeftArm/mixamorig_LeftForeArm/mixamorig_LeftHand/mixamorig_LeftHandPinky1","关节/mixamorig_Hips/mixamorig_Spine/mixamorig_Spine1/mixamorig_Spine2/mixamorig_LeftShoulder/mixamorig_LeftArm/mixamorig_LeftForeArm/mixamorig_LeftHand/mixamorig_LeftHandPinky1/mixamorig_LeftHandPinky2","关节/mixamorig_Hips/mixamorig_Spine/mixamorig_Spine1/mixamorig_Spine2/mixamorig_LeftShoulder/mixamorig_LeftArm/mixamorig_LeftForeArm/mixamorig_LeftHand/mixamorig_LeftHandPinky1/mixamorig_LeftHandPinky2/mixamorig_LeftHandPinky3","关节/mixamorig_Hips/mixamorig_Spine/mixamorig_Spine1/mixamorig_Spine2/mixamorig_LeftShoulder/mixamorig_LeftArm/mixamorig_LeftForeArm/mixamorig_LeftHand/mixamorig_LeftHandPinky1/mixamorig_LeftHandPinky2/mixamorig_LeftHandPinky3/mixamorig_LeftHandPinky4","关节/mixamorig_Hips/mixamorig_Spine/mixamorig_Spine1/mixamorig_Spine2/mixamorig_RightShoulder","关节/mixamorig_Hips/mixamorig_Spine/mixamorig_Spine1/mixamorig_Spine2/mixamorig_RightShoulder/mixamorig_RightArm","关节/mixamorig_Hips/mixamorig_Spine/mixamorig_Spine1/mixamorig_Spine2/mixamorig_RightShoulder/mixamorig_RightArm/mixamorig_RightForeArm","关节/mixamorig_Hips/mixamorig_Spine/mixamorig_Spine1/mixamorig_Spine2/mixamorig_RightShoulder/mixamorig_RightArm/mixamorig_RightForeArm/mixamorig_RightHand","关节/mixamorig_Hips/mixamorig_Spine/mixamorig_Spine1/mixamorig_Spine2/mixamorig_RightShoulder/mixamorig_RightArm/mixamorig_RightForeArm/mixamorig_RightHand/mixamorig_RightHandThumb1","关节/mixamorig_Hips/mixamorig_Spine/mixamorig_Spine1/mixamorig_Spine2/mixamorig_RightShoulder/mixamorig_RightArm/mixamorig_RightForeArm/mixamorig_RightHand/mixamorig_RightHandThumb1/mixamorig_RightHandThumb2","关节/mixamorig_Hips/mixamorig_Spine/mixamorig_Spine1/mixamorig_Spine2/mixamorig_RightShoulder/mixamorig_RightArm/mixamorig_RightForeArm/mixamorig_RightHand/mixamorig_RightHandThumb1/mixamorig_RightHandThumb2/mixamorig_RightHandThumb3","关节/mixamorig_Hips/mixamorig_Spine/mixamorig_Spine1/mixamorig_Spine2/mixamorig_RightShoulder/mixamorig_RightArm/mixamorig_RightForeArm/mixamorig_RightHand/mixamorig_RightHandThumb1/mixamorig_RightHandThumb2/mixamorig_RightHandThumb3/mixamorig_RightHandThumb4","关节/mixamorig_Hips/mixamorig_Spine/mixamorig_Spine1/mixamorig_Spine2/mixamorig_RightShoulder/mixamorig_RightArm/mixamorig_RightForeArm/mixamorig_RightHand/mixamorig_RightHandIndex1","关节/mixamorig_Hips/mixamorig_Spine/mixamorig_Spine1/mixamorig_Spine2/mixamorig_RightShoulder/mixamorig_RightArm/mixamorig_RightForeArm/mixamorig_RightHand/mixamorig_RightHandIndex1/mixamorig_RightHandIndex2","关节/mixamorig_Hips/mixamorig_Spine/mixamorig_Spine1/mixamorig_Spine2/mixamorig_RightShoulder/mixamorig_RightArm/mixamorig_RightForeArm/mixamorig_RightHand/mixamorig_RightHandIndex1/mixamorig_RightHandIndex2/mixamorig_RightHandIndex3","关节/mixamorig_Hips/mixamorig_Spine/mixamorig_Spine1/mixamorig_Spine2/mixamorig_RightShoulder/mixamorig_RightArm/mixamorig_RightForeArm/mixamorig_RightHand/mixamorig_RightHandIndex1/mixamorig_RightHandIndex2/mixamorig_RightHandIndex3/mixamorig_RightHandIndex4","关节/mixamorig_Hips/mixamorig_Spine/mixamorig_Spine1/mixamorig_Spine2/mixamorig_RightShoulder/mixamorig_RightArm/mixamorig_RightForeArm/mixamorig_RightHand/mixamorig_RightHandMiddle1","关节/mixamorig_Hips/mixamorig_Spine/mixamorig_Spine1/mixamorig_Spine2/mixamorig_RightShoulder/mixamorig_RightArm/mixamorig_RightForeArm/mixamorig_RightHand/mixamorig_RightHandMiddle1/mixamorig_RightHandMiddle2","关节/mixamorig_Hips/mixamorig_Spine/mixamorig_Spine1/mixamorig_Spine2/mixamorig_RightShoulder/mixamorig_RightArm/mixamorig_RightForeArm/mixamorig_RightHand/mixamorig_RightHandMiddle1/mixamorig_RightHandMiddle2/mixamorig_RightHandMiddle3","关节/mixamorig_Hips/mixamorig_Spine/mixamorig_Spine1/mixamorig_Spine2/mixamorig_RightShoulder/mixamorig_RightArm/mixamorig_RightForeArm/mixamorig_RightHand/mixamorig_RightHandMiddle1/mixamorig_RightHandMiddle2/mixamorig_RightHandMiddle3/mixamorig_RightHandMiddle4","关节/mixamorig_Hips/mixamorig_Spine/mixamorig_Spine1/mixamorig_Spine2/mixamorig_RightShoulder/mixamorig_RightArm/mixamorig_RightForeArm/mixamorig_RightHand/mixamorig_RightHandRing1","关节/mixamorig_Hips/mixamorig_Spine/mixamorig_Spine1/mixamorig_Spine2/mixamorig_RightShoulder/mixamorig_RightArm/mixamorig_RightForeArm/mixamorig_RightHand/mixamorig_RightHandRing1/mixamorig_RightHandRing2","关节/mixamorig_Hips/mixamorig_Spine/mixamorig_Spine1/mixamorig_Spine2/mixamorig_RightShoulder/mixamorig_RightArm/mixamorig_RightForeArm/mixamorig_RightHand/mixamorig_RightHandRing1/mixamorig_RightHandRing2/mixamorig_RightHandRing3","关节/mixamorig_Hips/mixamorig_Spine/mixamorig_Spine1/mixamorig_Spine2/mixamorig_RightShoulder/mixamorig_RightArm/mixamorig_RightForeArm/mixamorig_RightHand/mixamorig_RightHandRing1/mixamorig_RightHandRing2/mixamorig_RightHandRing3/mixamorig_RightHandRing4","关节/mixamorig_Hips/mixamorig_Spine/mixamorig_Spine1/mixamorig_Spine2/mixamorig_RightShoulder/mixamorig_RightArm/mixamorig_RightForeArm/mixamorig_RightHand/mixamorig_RightHandPinky1","关节/mixamorig_Hips/mixamorig_Spine/mixamorig_Spine1/mixamorig_Spine2/mixamorig_RightShoulder/mixamorig_RightArm/mixamorig_RightForeArm/mixamorig_RightHand/mixamorig_RightHandPinky1/mixamorig_RightHandPinky2","关节/mixamorig_Hips/mixamorig_Spine/mixamorig_Spine1/mixamorig_Spine2/mixamorig_RightShoulder/mixamorig_RightArm/mixamorig_RightForeArm/mixamorig_RightHand/mixamorig_RightHandPinky1/mixamorig_RightHandPinky2/mixamorig_RightHandPinky3","关节/mixamorig_Hips/mixamorig_Spine/mixamorig_Spine1/mixamorig_Spine2/mixamorig_RightShoulder/mixamorig_RightArm/mixamorig_RightForeArm/mixamorig_RightHand/mixamorig_RightHandPinky1/mixamorig_RightHandPinky2/mixamorig_RightHandPinky3/mixamorig_RightHandPinky4","关节/mixamorig_Hips/mixamorig_RightUpLeg","关节/mixamorig_Hips/mixamorig_RightUpLeg/mixamorig_LeftLeg","关节/mixamorig_Hips/mixamorig_RightUpLeg/mixamorig_LeftLeg/mixamorig_LeftFoot","关节/mixamorig_Hips/mixamorig_RightUpLeg/mixamorig_LeftLeg/mixamorig_LeftFoot/mixamorig_LeftToeBase","关节/mixamorig_Hips/mixamorig_RightUpLeg/mixamorig_LeftLeg/mixamorig_LeftFoot/mixamorig_LeftToeBase/mixamorig_LeftToe_End","关节/mixamorig_Hips/mixamorig_RightUpLeg_2","关节/mixamorig_Hips/mixamorig_RightUpLeg_2/mixamorig_RightLeg","关节/mixamorig_Hips/mixamorig_RightUpLeg_2/mixamorig_RightLeg/mixamorig_RightFoot","关节/mixamorig_Hips/mixamorig_RightUpLeg_2/mixamorig_RightLeg/mixamorig_RightFoot/mixamorig_RightToeBase","关节/mixamorig_Hips/mixamorig_RightUpLeg_2/mixamorig_RightLeg/mixamorig_RightFoot/mixamorig_RightToeBase/mixamorig_LeftToe_End_2"],[[[7,1,-1.731798613405433e-29,9.742220593612905e-15,0,2.573768391012415e-31,1,1.7512033489985868e-15,0,-9.742220593612905e-15,-1.7512033489985868e-15,1,0,-3.814697180359872e-8,-0.7171837687492371,-0.001184552675113082,1],[7,1,3.2279146591839226e-19,-2.7753697915638418e-17,0,9.175404700077867e-29,0.9999323487281799,0.01162978820502758,0,2.7755575615628914e-17,-0.01162978820502758,0.9999323487281799,0,-3.814697180359872e-8,-0.834068775177002,-0.010242451913654804,1],[7,1,3.229096751978049e-19,5.760926772347449e-16,0,-7.022721214363965e-18,0.9999323487281799,0.011629783548414707,0,-5.76050007950027e-16,-0.011629783548414707,0.9999323487281799,0,-3.814697180359872e-8,-0.8925536870956421,-0.01017263438552618,1],[7,1,3.227434894428642e-19,-3.1208571599560073e-16,0,3.306767822424648e-18,0.9999323487281799,0.011629783548414707,0,3.120683782899616e-16,-0.011629783548414707,0.9999323487281799,0,-3.814697180359872e-8,-0.9662537574768066,-0.01017263438552618,1],[7,1,1.1742360573062426e-15,1.015292992907757e-13,0,-1.1742360573062426e-15,1,1.627170620466245e-15,0,-1.015292992907757e-13,-1.627170620466245e-15,1,0,-3.814697180359872e-8,-1.0492136478424072,0.002029630122706294,1],[7,1,1.1742360573062426e-15,-4.31659848382053e-15,0,-1.1742360573062426e-15,1,-1.5742615544489524e-16,0,4.31659848382053e-15,1.5742615544489524e-16,1,0,-3.814697180359872e-8,-1.0931763648986816,0.0015630271518602967,1],[7,1,1.1742360573062426e-15,-5.647986469654994e-15,0,-1.1742360573062426e-15,1,-1.5785983631388945e-16,0,5.647986469654994e-15,1.5785983631388945e-16,1,0,-3.814697180359872e-8,-1.741969347000122,-0.00048589680227451026,1],[7,-0.0046868836507201195,0.9649047255516052,-0.26255837082862854,0,-0.011739431880414486,-0.2625962495803833,-0.9648343920707703,0,-0.999920129776001,-0.0014397803461179137,0.012558192014694214,0,0.010587646625936031,0.2031676471233368,1.0321258306503296,1],[7,0.003944264724850655,0.7534661293029785,-0.657474935054779,0,-0.014087856747210026,-0.6573728919029236,-0.7534337043762207,0,-0.9998930096626282,0.012234154157340527,0.008021869696676731,0,0.01107680145651102,0.5364810228347778,0.8352064490318298,1],[7,0.007419626694172621,0.749530553817749,-0.6619281768798828,0,-0.0171198770403862,-0.6617541909217834,-0.7495254278182983,0,-0.9998258948326111,0.016893329098820686,0.00792190246284008,0,0.013255110941827297,0.39772388339042664,0.8379159569740295,1],[7,-0.08336720615625381,0.7528182864189148,-0.6529276371002197,0,-0.018649129197001457,-0.6562723517417908,-0.7542935609817505,0,-0.9963443875312805,-0.05070681497454643,0.06875099986791611,0,0.049109652638435364,0.225385844707489,0.8396355509757996,1],[7,0.48557817935943604,0.3587550222873688,-0.7971879839897156,0,-0.48652297258377075,-0.6467328667640686,-0.5873942375183105,0,-0.7262983322143555,0.6730760931968689,-0.1394968330860138,0,0.193938210606575,0.3347976505756378,0.7591465711593628,1],[7,0.48557817935943604,0.31278055906295776,-0.8163223266601562,0,-0.48652297258377075,-0.6791301965713501,-0.5496158003807068,0,-0.7262983322143555,0.6640410423278809,-0.17759589850902557,0,0.19570371508598328,0.3521764278411865,0.7440324425697327,1],[7,0.48557817935943604,0.3590691387653351,-0.7970465421676636,0,-0.48652297258377075,-0.646501362323761,-0.5876490473747253,0,-0.7262983322143555,0.673130989074707,-0.1392315924167633,0,0.19914838671684265,0.26714378595352173,0.7713074088096619,1],[7,0.48557817935943604,0.3590691089630127,-0.7970465421676636,0,-0.48652297258377075,-0.646501362323761,-0.5876490473747253,0,-0.7262983322143555,0.673130989074707,-0.1392315924167633,0,0.20092590153217316,0.23926964402198792,0.7765176296234131,1],[7,-0.06079445034265518,0.7605703473091125,-0.6464029550552368,0,-0.038286082446575165,-0.648901104927063,-0.75990891456604,0,-0.9974157810211182,-0.02145000547170639,0.06856884807348251,0,0.07827360183000565,0.1613060086965561,0.8550983667373657,1],[7,-0.15285855531692505,0.700215756893158,-0.6973751783370972,0,-0.12897947430610657,-0.7137677073478699,-0.6884039044380188,0,-0.9797951579093933,-0.015281354077160358,0.19941896200180054,0,0.20504333078861237,0.18591083586215973,0.840356171131134,1],[7,-0.12798742949962616,0.8155727386474609,-0.5643228888511658,0,-0.1536901444196701,-0.5784387588500977,-0.8011166453361511,0,-0.9797951579093933,-0.015801984816789627,0.1993783861398697,0,0.22278936207294464,0.0056490288116037846,0.875379204750061,1],[7,-0.12798742949962616,0.8155727386474609,-0.5643228888511658,0,-0.1536901444196701,-0.5784388184547424,-0.8011166453361511,0,-0.9797951579093933,-0.015801982954144478,0.1993783861398697,0,0.23000018298625946,-0.007563584018498659,0.8854246139526367,1],[7,-0.012685715220868587,0.7501528263092041,-0.6611427664756775,0,-0.07986673712730408,-0.6598436236381531,-0.7471463680267334,0,-0.9967248439788818,0.043325234204530716,0.068282850086689,0,0.06569062918424606,0.17506955564022064,0.8562135696411133,1],[7,-0.012685715220868587,0.7448733448982239,-0.6670852899551392,0,-0.07986673712730408,-0.6657623052597046,-0.7418772578239441,0,-0.9967248439788818,0.043866682797670364,0.06793627887964249,0,0.0645260289311409,0.1270984262228012,0.8877372145652771,1],[7,-0.012685715220868587,0.7401406764984131,-0.6723324060440063,0,-0.07986673712730408,-0.6709882616996765,-0.7371540069580078,0,-0.9967248439788818,0.0443456694483757,0.06762459129095078,0,0.06714467704296112,0.10990922898054123,0.9033576846122742,1],[7,-0.012685715220868587,0.7401406764984131,-0.6723323464393616,0,-0.07986673712730408,-0.6709882616996765,-0.7371540665626526,0,-0.9967248439788818,0.0443456694483757,0.06762459129095078,0,0.07063557952642441,0.08992308378219604,0.9251139760017395,1],[7,-0.039409078657627106,0.9639158248901367,-0.2632739543914795,0,-0.056814972311258316,-0.2652139663696289,-0.9625142216682434,0,-0.997606635093689,-0.02297389507293701,0.06521669030189514,0,0.02184578776359558,-0.23950058221817017,0.8483595848083496,1],[7,-0.039409078657627106,0.9607017636299133,-0.27477097511291504,0,-0.056814972311258316,-0.27669408917427063,-0.9592770338058472,0,-0.997606635093689,-0.022193117067217827,0.06548650562763214,0,0.022224562242627144,-0.27036237716674805,0.84995037317276,1],[7,0.11289023607969284,0.9243649840354919,-0.3644244372844696,0,-0.11579107493162155,-0.35203105211257935,-0.9287984371185303,0,-0.9868375062942505,0.14704936742782593,0.06729234755039215,0,-0.009692421182990074,-0.21193096041679382,0.8790941834449768,1],[7,0.11289023607969284,0.9243649840354919,-0.3644244372844696,0,-0.11579107493162155,-0.35203105211257935,-0.9287984371185303,0,-0.9868375062942505,0.14704936742782593,0.06729234755039215,0,-0.012096988968551159,-0.23888927698135376,0.8900634050369263,1],[7,-0.0072664231993258,0.9804823994636536,-0.1964724212884903,0,-0.08452767133712769,-0.19637666642665863,-0.9768783450126648,0,-0.9963946342468262,0.009508945047855377,0.08430485427379608,0,-0.008204436860978603,-0.29533669352531433,0.8326663970947266,1],[7,-0.0072664231993258,0.9622856378555298,-0.2719440758228302,0,-0.08452767133712769,-0.27156901359558105,-0.9586998224258423,0,-0.9963946342468262,0.016020480543375015,0.08331310003995895,0,-0.008202089928090572,-0.2664358913898468,0.8532657623291016,1],[7,-0.0072664231993258,0.9614323973655701,-0.2749454379081726,0,-0.08452767133712769,-0.2745591700077057,-0.9578477740287781,0,-0.9963946342468262,0.016280369833111763,0.08326270431280136,0,-0.011193903163075447,-0.2846507728099823,0.8551548719406128,1],[7,-0.0072664231993258,0.9614323973655701,-0.2749454081058502,0,-0.08452767133712769,-0.2745591402053833,-0.9578477740287781,0,-0.9963946342468262,0.016280367970466614,0.08326270431280136,0,-0.01119487639516592,-0.307998389005661,0.864650547504425,1],[7,-0.0046868836507201195,0.9649047255516052,0.26255837082862854,0,-0.014289864338934422,0.2624698281288147,-0.9648343920707703,0,-0.9998869299888611,-0.008273989893496037,0.012558192014694214,0,0.012560814619064331,-0.20305520296096802,1.0321258306503296,1],[7,0.003944264724850655,0.7534661293029785,0.657474935054779,0,-0.007204806432127953,0.6574843525886536,-0.7534337043762207,0,-0.9999662637710571,-0.001765237539075315,0.008021869696676731,0,0.005459578242152929,-0.5365675687789917,0.8352064490318298,1],[7,0.007419626694172621,0.749530553817749,0.6619281768798828,0,-0.004016355145722628,0.6619634032249451,-0.7495254278182983,0,-0.9999644160270691,0.0029026600532233715,0.00792190246284008,0,0.005379122216254473,-0.3979083299636841,0.8379159569740295,1],[7,-0.08336720615625381,0.7528182864189148,0.6529276371002197,0,-0.161787748336792,0.6362907290458679,-0.7542935609817505,0,-0.9832978248596191,-0.1685190498828888,0.06875099986791611,0,0.09723351150751114,-0.20917977392673492,0.8396355509757996,1],[7,0.48557817935943604,0.3587550222873688,0.7971879839897156,0,0.7611258625984192,0.2750553786754608,-0.5873942375183105,0,-0.43000146746635437,0.8919861912727356,-0.1394968330860138,0,-0.3769994080066681,-0.08702263981103897,0.7591465711593628,1],[7,0.48557817935943604,0.31278055906295776,0.8163223266601562,0,0.8195300102233887,0.16215133666992188,-0.5496158003807068,0,-0.30427688360214233,0.9358820915222168,-0.17759589850902557,0,-0.40158194303512573,-0.032559435814619064,0.7440324425697327,1],[7,0.48557817935943604,0.3590691387653351,0.7970465421676636,0,0.7606741189956665,0.27575990557670593,-0.5876490473747253,0,-0.43080011010169983,0.8916422128677368,-0.1392315924167633,0,-0.3137678802013397,-0.1121409609913826,0.7713074088096619,1],[7,0.48557817935943604,0.3590691387653351,0.7970465421676636,0,0.7606741189956665,0.27575990557670593,-0.5876490473747253,0,-0.43080011010169983,0.8916422128677368,-0.1392315924167633,0,-0.28763771057128906,-0.1220071017742157,0.7765176296234131,1],[7,-0.06079445034265518,0.7605703473091125,0.6464029550552368,0,-0.14087821543216705,0.6345800161361694,-0.75990891456604,0,-0.9881585836410522,-0.13726232945919037,0.06856884807348251,0,0.10290326923131943,-0.14682406187057495,0.8550983667373657,1],[7,-0.15285855531692505,0.700215756893158,0.6973751783370972,0,-0.41470375657081604,0.595080554485321,-0.6884039044380188,0,-0.8970256447792053,-0.39443254470825195,0.19941896200180054,0,0.26386651396751404,-0.08354684710502625,0.840356171131134,1],[7,-0.12798742949962616,0.8155727386474609,0.5643228888511658,0,-0.32348698377609253,0.5035555958747864,-0.8011166453361511,0,-0.937536895275116,-0.28508397936820984,0.1993783861398697,0,0.2138102799654007,0.06286633759737015,0.875379204750061,1],[7,-0.12798742949962616,0.8155727386474609,0.5643228888511658,0,-0.32348698377609253,0.5035555958747864,-0.8011166453361511,0,-0.937536895275116,-0.28508397936820984,0.1993783861398697,0,0.21662725508213043,0.07765260338783264,0.8854246139526367,1],[7,-0.012685715220868587,0.7501528263092041,0.6611427664756775,0,-0.10213171690702438,0.656765878200531,-0.7471463680267334,0,-0.9946900010108948,-0.07700173556804657,0.068282850086689,0,0.07157251983880997,-0.17274832725524902,0.8562135696411133,1],[7,-0.012685715220868587,0.7448733448982239,0.6670852899551392,0,-0.10249064117670059,0.6626566052436829,-0.7418772578239441,0,-0.994653046131134,-0.07778124511241913,0.06793627887964249,0,0.06881650537252426,-0.12482751160860062,0.8877372145652771,1],[7,-0.012685715220868587,0.7401406764984131,0.6723324060440063,0,-0.10281401127576828,0.6678571701049805,-0.7371540069580078,0,-0.9946197271347046,-0.07847651839256287,0.06762459129095078,0,0.0708717331290245,-0.10754368454217911,0.9033576846122742,1],[7,-0.012685716152191162,0.7401406764984131,0.6723323464393616,0,-0.10281401127576828,0.6678571701049805,-0.7371540665626526,0,-0.9946197271347046,-0.07847651839256287,0.06762459129095078,0,0.07367567718029022,-0.08744964003562927,0.9251139760017395,1],[7,-0.039409078657627106,0.9639158248901367,0.2632739543914795,0,-0.07827536761760712,0.25969088077545166,-0.9625142216682434,0,-0.9961525201797485,-0.05853966251015663,0.06521669030189514,0,0.002221903298050165,0.2404845803976059,0.8483595848083496,1],[7,-0.039409078657627106,0.9607017636299133,0.27477097511291504,0,-0.07928656041622162,0.27111107110977173,-0.9592770338058472,0,-0.9960725903511047,-0.059589870274066925,0.06548650562763214,0,0.000006010661309119314,0.27127429842948914,0.84995037317276,1],[7,0.11289023607969284,0.9243649840354919,0.3644244372844696,0,-0.027666166424751282,0.3695510923862457,-0.9287984371185303,0,-0.9932222366333008,0.09477005153894424,0.06729234755039215,0,0.041596848517656326,0.20803454518318176,0.8790941834449768,1],[7,0.11289023607969284,0.9243649840354919,0.3644244372844696,0,-0.027666166424751282,0.3695510923862457,-0.9287984371185303,0,-0.9932222366333008,0.09477005153894424,0.06729234755039215,0,0.04575088247656822,0.2347792088985443,0.8900634050369263,1],[7,-0.0072664231993258,0.9804823994636536,0.1964724212884903,0,-0.08742894977331161,0.1951022744178772,-0.9768783450126648,0,-0.9961442351341248,-0.02427578903734684,0.08430485427379608,0,-0.012580816633999348,0.29518264532089233,0.8326663970947266,1],[7,-0.0072664231993258,0.9622856378555298,0.2719440758228302,0,-0.08861915022134781,0.2702615261077881,-0.9586998224258423,0,-0.996039092540741,-0.031065771356225014,0.08331310003995895,0,-0.012224752455949783,0.2662816345691681,0.8532657623291016,1],[7,-0.0072664231993258,0.9614323973655701,0.2749454379081726,0,-0.08866796642541885,0.27325019240379333,-0.9578477740287781,0,-0.9960347414016724,-0.03133897855877876,0.08326270431280136,0,-0.015495111234486103,0.2844490706920624,0.8551548719406128,1],[7,-0.0072664231993258,0.9614323973655701,0.2749454081058502,0,-0.08866796642541885,0.27325016260147095,-0.9578477740287781,0,-0.9960347414016724,-0.03133897855877876,0.08326270431280136,0,-0.015848981216549873,0.3077940046787262,0.864650547504425,1],[7,-0.9997187852859497,-0.023712676018476486,-9.505014830768488e-12,0,0.023703360930085182,-0.9993261098861694,-0.028027119114995003,0,0.0006645979592576623,-0.028019238263368607,0.9996071457862854,0,0.0854240357875824,0.6503899693489075,0.01403839886188507,1],[7,-0.999999463558197,0.0010636295191943645,-0.00001868096114776563,0,-0.0010611009784042835,-0.9985631108283997,-0.0535774752497673,0,-0.000075640702561941,-0.05357742682099342,0.9985637068748474,0,0.12161237746477127,0.3477100431919098,0.00549126323312521,1],[7,-0.9978870749473572,-0.0522007942199707,-0.03868475556373596,0,-0.01332459319382906,-0.41832709312438965,0.9081987142562866,0,-0.06359157711267471,0.9067952036857605,0.4167476296424866,0,0.11757417023181915,0.06617283821105957,0.009366044774651527,1],[7,-0.9985212087631226,-0.03369805961847305,0.04265885800123215,0,0.035666465759277344,0.1861259639263153,0.9818783402442932,0,-0.041027314960956573,0.9819478392601013,-0.18464884161949158,0,0.11790815740823746,-0.03531130775809288,0.028867797926068306,1],[7,-0.9985212087631226,-0.03369805961847305,0.04265885800123215,0,0.035666465759277344,0.1861259639263153,0.9818783402442932,0,-0.041027314960956573,0.9819478392601013,-0.18464884161949158,0,0.11790815740823746,-0.07432641834020615,0.028867797926068306,1],[7,-0.9997187852859497,-0.023712676018476486,-9.507874522418636e-12,0,0.023703360930085182,-0.9993261098861694,-0.028027119114995003,0,0.0006645979592576623,-0.028019238263368607,0.9996071457862854,0,-0.11616426706314087,0.6456084251403809,0.01403839886188507,1],[7,-0.999999463558197,0.001063630566932261,-0.00001872065695351921,0,-0.001061102608218789,-0.998565137386322,-0.05354016646742821,0,-0.0000756407534936443,-0.05354011803865433,0.998565673828125,0,-0.12087263911962509,0.3479681611061096,0.005473732948303223,1],[7,-0.9978870749473572,-0.0522007942199707,0.03868475556373596,0,0.05689891800284386,-0.41465359926223755,0.9081987142562866,0,-0.03136792406439781,0.9084808826446533,0.4167476296424866,0,-0.12383673340082169,0.053544312715530396,0.009366044774651527,1],[7,-0.9985212087631226,-0.03369805961847305,-0.04265885800123215,0,-0.048133768141269684,0.18329788744449615,0.9818783402442932,0,-0.02526811510324478,0.9824796915054321,-0.18464884161949158,0,-0.11525922268629074,-0.043180231004953384,0.028867797926068306,1],[7,-0.9985212087631226,-0.03369805961847305,-0.04265885800123215,0,-0.048133768141269684,0.18329788744449615,0.9818783402442932,0,-0.02526811510324478,0.9824796915054321,-0.18464884161949158,0,-0.11262886226177216,-0.0821065679192543,0.028867797926068306,1]],8,8,8,8,8,8,8,8,8,8,8,8,8,8,8,8,8,8,8,8,8,8,8,8,8,8,8,8,8,8,8,8,8,8,8,8,8,8,8,8,8,8,8,8,8,8,8,8,8,8,8,8,8,8,8,8,8,8,8,8,8,8,8,8,8]]],0,0,[],[],[]],[[[9,"阿比盖尔"],[10,"阿比盖尔",[-3,-4],[[15,-2,[7,"29ZaXOw5hYjrgRB2xRLK7t"]]],[0,"95n54JugpbNYFicpyknsXu",null,null,null,-1,0]],[5,"mixamorig_LeftHand",[-5,-6,-7,-8,-9],[0,"fdJ1OKiaRfU6/jwwybmahu",null,null,null,1,0],[1,0.00007116323104128242,0.16697032749652863,-0.0015942315803840756],[3,-0.004442056584472314,-0.030516376330659917,-0.03365899579620523,0.9989575020544852],[1,-0.6276161314154564,-3.5205218444943416,-3.840357225047876]],[5,"mixamorig_RightHand",[-10,-11,-12,-13,-14],[0,"08mjLgLbhdOp0JPfVq9A+o",null,null,null,1,0],[1,-0.0032342160120606422,-0.16693900525569916,-0.0015942315803840756],[3,0.007478148793603064,-0.029917527458844687,-0.08635914460998993,0.9957866824694941],[1,0.5657411281373567,-3.392620280140758,-9.929601493616143]],[6,"mixamorig_Hips",[-15,-16,-17],[0,"56cXvkPLZf0okx7mmtufbl",null,null,null,1,0],[1,3.814697180359872e-8,0.7171837687492371,0.001184552675113082]],[6,"mixamorig_Spine2",[-18,-19,-20],[0,"67oat3hphWNJjwYFF+16g/",null,null,null,1,0],[1,-3.462566132746153e-17,0.07370004802942276,-2.992534345325204e-11]],[11,"关节",1,[4],[0,"b0HOOpfbRYkIqhfs9hOiae",null,null,null,1,0]],[1,"mixamorig_Spine",4,[-21],[0,"faEdFH4LdYz5yLwZmsg7gv",null,null,null,1,0],[1,2.8654024455398285e-18,0.1169477179646492,-0.0006428364431485534],[3,-0.0058149924762980355,-4.884898822816793e-15,-2.840612728016906e-17,0.9999830927883234],[1,-0.6663528089779736,-5.597776360687116e-13,3.312148187911076e-22]],[12,"mixamorig_Spine1",7,[5],[0,"51XyhXUUlYSI0Sqd02mraR",null,null,null,1,0],[1,-2.1919450780236555e-17,0.058484919369220734,-0.00006981345359236002]],[1,"mixamorig_Neck",5,[-22],[0,"2cNU6DwuRVJK69j3VzoOAn",null,null,null,1,0],[1,-5.845370398534986e-17,0.08291251212358475,-8.247900279423348e-11],[3,0.00581499014807028,5.062531376446305e-14,-2.943907008429333e-16,0.9999830928018622],[1,0.6663525421782143,5.801331714738488e-12,-2.605549046225628e-21]],[14,"mixamorig_Head",9,[[2,"mixamorig_HeadTop_End",-23,[0,"82C4vXrtNRepyKPEsLnn6N",null,null,null,1,0],[1,-5.174973202238566e-16,0.6487929224967957,0.0020489240996539593]]],[0,"cbFJxlf2ZTpr0pAqAW8UhA",null,null,null,1,0],[1,-1.2052230636156467e-16,0.0439627543091774,0.0004666027962230146]],[1,"mixamorig_LeftShoulder",5,[-24],[0,"0er1WJIOpb3r3V8vGIqHqO",null,null,null,1,0],[1,0.07500545680522919,0.0830054059624672,-0.00005161075387150049],[3,-0.5604770835614566,-0.4303453905668743,0.5631574448591443,-0.4283946497331728],[1,105.22212115356227,90.26854205003302,-0.006291867975238871]],[1,"mixamorig_LeftArm",11,[-25],[0,"acud5CF85XNbAn2lnASUR7",null,null,null,1,0],[1,0.0005669468664564192,0.08505517244338989,0.04650251194834709],[3,0.22397873367946794,0.0010017516575809955,0.004358857048218733,0.9745837694719689],[1,25.88592600950146,-4.302280448484193e-8,0.512510981884216]],[1,"mixamorig_LeftForeArm",12,[2],[0,"af3VxCEsdSt450eM9M4QT9",null,null,null,1,0],[1,-0.0003665787517093122,0.14367254078388214,-0.0050516799092292786],[3,0.002962954295845446,0.00000683260385089823,0.0023062745678426766,0.9999929509515425],[1,0.3395309520772798,-9.51636465564337e-8,0.2642809923548067]],[1,"mixamorig_LeftHandThumb1",2,[-26],[0,"04T0nMOOxYI5Sz/kFI7pYT",null,null,null,1,0],[1,-0.01892518810927868,0.02191099338233471,0.01503001432865858],[3,0.13952709796228122,0.05950284403090734,0.38773939185187906,0.9092028181284926],[1,17.449197703557875,2.2659050836400413e-7,46.19269808739389]],[1,"mixamorig_LeftHandThumb2",14,[-27],[0,"3aMEfBWpNYu4019Ms+avNV",null,null,null,1,0],[1,-0.001765502616763115,0.025558320805430412,-0.0037318619433790445],[3,0.028481881442510213,3.315493152492187e-13,-9.280379911284389e-15,0.999594308922122],[1,3.2642246327054165,3.800762875560832e-11,1.908331566990424e-14]],[3,"mixamorig_LeftHandThumb3",15,[[2,"mixamorig_LeftHandThumb4",-28,[0,"2eIL6vSf1QnrfBO7ewiNoA",null,null,null,1,0],[1,-0.0017775088781490922,0.027874141931533813,-0.005210230592638254]]],[0,"bdCEuJvrVVYIfcyp2eRnOC",null,null,null,1,0],[1,-0.0034446849022060633,0.04124988615512848,-0.010689782910048962],[3,-0.028678827260135847,-3.3318950671284596e-13,-9.698251205435252e-15,0.9995886778405321],[1,-3.286802183996949,-3.8196872317998806e-11,-1.5902763531890675e-14]],[1,"mixamorig_LeftHandIndex1",2,[-29],[0,"e4s3pWt1hbfYT71NG4SjvR",null,null,null,1,0],[1,-0.02408001571893692,0.05445576086640358,-0.014042273163795471],[3,-0.004304637146256776,-0.00006443915399069292,0.014968888643302057,0.9998786918018698],[1,-0.493331886723004,4.926320557246794e-7,1.715388246184382]],[1,"mixamorig_LeftHandIndex2",17,[-30],[0,"2aJ28Szb9c7YlPwyaXIybx",null,null,null,1,0],[1,-0.015652650967240334,0.05242609605193138,-0.017900560051202774],[3,0.04431380336393524,-0.06514988101738768,-0.0028960548838810056,0.9968868505005732],[1,5.047420497805173,-7.449141932013117,-0.6616753129167409]],[3,"mixamorig_LeftHandIndex3",18,[[2,"mixamorig_LeftHandIndex4",-31,[0,"5ftlDwzhlasogwmY3EWhfF",null,null,null,1,0],[1,-0.00721082603558898,0.013212619349360466,-0.010045420378446579]]],[0,"5ab8TeRXtd0pgkLn3w7Q2e",null,null,null,1,0],[1,-0.012370898388326168,0.020561333745718002,-0.02065853215754032],[3,-0.08717746969755158,-0.0013621970912897,0.017476906873872485,0.9960385489138153],[1,-10.004375672603949,0.019124674771747438,2.0087919744274947]],[1,"mixamorig_LeftHandMiddle1",2,[-32],[0,"28IG+HQ0lZNaRkU2vDDtMT",null,null,null,1,0],[1,-0.0008140283753164113,0.054247207939624786,-0.018435223028063774],[3,0.005443602008230806,0.00025478969397484965,0.04675295323463935,0.9988916175658034],[1,0.6244768096676696,3.2450209328470953e-7,5.359527135340801]],[1,"mixamorig_LeftHandMiddle2",20,[-33],[0,"21Ajeou2JQV5WKNt4TppWA",null,null,null,1,0],[1,0.0011645978083834052,0.05503226816654205,-0.03250598907470703],[3,0.003974810353264317,8.991530932773975e-17,-7.321636532783165e-17,0.9999921004101259],[1,0.4554809145853367,1.0336802651709545e-14,-8.348956572278584e-15]],[3,"mixamorig_LeftHandMiddle3",21,[[2,"mixamorig_LeftHandMiddle4",-34,[0,"33xn7ai8VWoKTgXwOu/WFj",null,null,null,1,0],[1,-0.0034909010864794254,0.019986119121313095,-0.021756300702691078]]],[0,"35i2WkAAFYq56xlm0oS1gg",null,null,null,1,0],[1,-0.002618648111820221,0.023575665429234505,-0.016374601051211357],[3,0.0035333543190312735,6.251094781499639e-16,1.7126469133924395e-16,0.9999937576841449],[1,0.40489342250085364,7.156247870924301e-14,1.987846766760063e-14]],[1,"mixamorig_LeftHandRing1",2,[-35],[0,"76A61w89JVU7L/X6SdsLYo",null,null,null,1,0],[1,0.03599829971790314,0.0749371126294136,-0.02912505716085434],[3,-0.2208126229842056,-0.006431501482586223,0.028394917572907078,0.9748816081840618],[1,-25.524535954883667,4.270403116189891e-7,3.3367109289658967]],[1,"mixamorig_LeftHandRing2",23,[-36],[0,"a9ojF/v/BS5JezOoJvcqwb",null,null,null,1,0],[1,-0.00037877418799325824,0.040996748954057693,0.0016998652135953307],[3,0.005973554562230006,3.6061916139643826e-16,-3.5114550835290854e-17,0.9999821581637804],[1,0.6845230012677296,4.1347211199430246e-14,-3.776908689609902e-15]],[3,"mixamorig_LeftHandRing3",24,[[2,"mixamorig_LeftHandRing4",-37,[0,"39nDsTxlNZ0J4AktgxkWMG",null,null,null,1,0],[1,0.002404568251222372,0.026958318427205086,-0.010969219729304314]]],[0,"d8zpV5ARZTSbubjjvW2adK",null,null,null,1,0],[1,-0.002784116193652153,0.02253151871263981,-0.005270681343972683],[3,0.04719606717023057,-0.0038753877750902165,0.08174527315350591,0.9955276103304792],[1,5.501753704779802,-0.8961324317221324,9.345853629798963]],[1,"mixamorig_LeftHandPinky1",2,[-38],[0,"41zzmUuNlbWY0mBYtelpsV",null,null,null,1,0],[1,0.07254840433597565,0.07502222061157227,-0.030689535662531853],[3,-0.2537141480178196,-0.012784927342975105,0.048676219564231446,0.965969100115196],[1,-29.432950212646645,9.386019055637398e-8,5.7695114782693055]],[1,"mixamorig_LeftHandPinky2",26,[-39],[0,"71jUO2kO5ZU5AYmOCioCF2",null,null,null,1,0],[1,-0.0000023476084152207477,0.0364907942712307,0.00264161080121994],[3,0.03881820253479958,3.7327531953077343e-16,1.3479793364414346e-16,0.999246289536252],[1,4.449356245354491,4.214234811075156e-14,1.7095480616666656e-14]],[3,"mixamorig_LeftHandPinky3",27,[[2,"mixamorig_LeftHandPinky4",-40,[0,"c5fJuDaRBc5ZlEe/GKVa2Z",null,null,null,1,0],[1,9.72934003584669e-7,0.023347578942775726,-0.009495680220425129]]],[0,"9cfpWVC1FQTrsnO4ed9s0H",null,null,null,1,0],[1,0.0029918134678155184,0.02088191919028759,-0.000996714225038886],[3,0.0015601873939099322,2.0105987479096562e-16,-1.0786667190338351e-16,0.9999987829069072],[1,0.17878437837352454,2.3059021336423605e-14,-1.2324648706212328e-14]],[1,"mixamorig_RightShoulder",5,[-41],[0,"35nuRzxqtaFZvx/BI0Hzfb",null,null,null,1,0],[1,-0.07500553876161575,0.0830054059624672,-0.00005161075387150049],[3,0.4276179054994093,0.5625607940740392,-0.43112501297906536,0.561069962705976],[1,74.77862168065928,90.26853852541917,-0.15243290553498115]],[1,"mixamorig_RightArm",29,[-42],[0,"5bkCX/+VBfB5vPrp8PbGy9",null,null,null,1,0],[1,0.0013931868597865105,-0.08504565060138702,0.04650251194834709],[3,-0.22397832338978513,0.0010862952217842391,0.0054767899575627116,0.9745781320068456],[1,-25.887359092668593,0.26189767717874984,0.5837685098596931]],[1,"mixamorig_RightForeArm",30,[3],[0,"0cE2jlfVdXUZujilrrUWrD",null,null,null,1,0],[1,-0.001870719250291586,-0.14366082847118378,-0.0050516799092292786],[3,-0.0029625116831654644,0.00005166994294696113,0.002357630486468534,0.9999928311909209],[1,-0.33949611830007836,0.006721337240904029,0.27014607636118243]],[1,"mixamorig_RightHandThumb1",3,[-43],[0,"8a6zrSgY1bTrQMoqCQPC4k",null,null,null,1,0],[1,-0.01367257721722126,-0.025520874187350273,0.01503001432865858],[3,-0.05108397164477141,0.14282445841579208,0.5916100836536204,0.7918264398456193],[1,-40.289137652412826,47.876992962465664,67.26659389158102]],[1,"mixamorig_RightHandThumb2",32,[-44],[0,"90rFRcvVFd2Leb9h4zDjnl",null,null,null,1,0],[1,-0.023911820724606514,0.00919617060571909,-0.0037318619433790445],[3,0.010093217001017918,0.026633523976467833,0.06399283695534379,0.9975438332171535],[1,0.9664735954813801,2.996551522810297,7.366106948704891]],[3,"mixamorig_RightHandThumb3",33,[[2,"mixamorig_RightHandThumb4",-45,[0,"7cMZGtHbZXtJO2u0ehsgBp",null,null,null,1,0],[1,-0.02613018825650215,0.009866136126220226,-0.005210230592638254]]],[0,"cfyQBffHxT9b8OpJ4CXV2O",null,null,null,1,0],[1,-0.03613357990980148,0.020193645730614662,-0.010689782910048962],[3,-0.010151789824644902,-0.02682193820724962,-0.06440976453056882,0.9975113568412539],[1,-1.3697709779547165,-3.1684934648038174,-7.351398657669643]],[1,"mixamor